P -875.0000, 682.0000, 399.6035,  240, 0, 0,  3,  to_Skyshrine
P -1461.2007, -2497.8140, 159.4868,  240, 0, 0,  3,  to_Western_Wastes
P -1501.1001, -2374.7349, 149.8231,  0, 0, 0,  2,  Merien_Gilfoyle
P -1473.2870, -2385.8887, 27.5245,  0, 127, 127,  2,  De`ess_Al`coda_(Quests)
P 459.2561, 777.8531, 74.0904,  0, 240, 240,  2,  Watcher_Sprin_(Mission,_Raid)
P 1550.5363, 1054.2188, 293.6352,  240, 240, 240,  2,  Othmir_Camp
P 1481.2820, -216.9818, 72.6517,  240, 240, 240,  2,  Othmir_Camp
P 1012.4847, 324.4812, 45.1497,  240, 240, 240,  2,  Ice_Hole
P 403.7330, 883.0400, 89.6231,  0, 127, 127,  2,  Aisel_Sharpnose_(Quests)
P -555.4037, 794.4177, 78.0210,  0, 0, 0,  2,  Sentinel_Paxin
P 1427.0784, -92.1917, 81.5860,  0, 127, 127,  2,  Provisionner_Tarka_(Quests)
P -432.5011, 1215.0630, 59.1629,  240, 0, 0,  3,  to_Kael_Drakkel
P -1774.1617, -1781.3114, -21.6803,  0, 127, 127,  2,  Adella_Undertow_(Quests)
