L 381.5000, -487.0000, -67.5000,  394.0000, -475.0000, -59.0000,  0, 0, 0
L 394.0000, -475.0000, -59.0000,  408.0000, -466.0000, -61.0000,  0, 0, 0
L 408.0000, -466.0000, -61.0000,  415.0000, -428.0000, -65.0000,  0, 0, 0
L 415.0000, -428.0000, -65.0000,  416.0000, -413.0000, -62.0000,  0, 0, 0
L 416.0000, -413.0000, -62.0000,  416.0000, -406.0000, -59.0000,  0, 0, 0
L 416.0000, -406.0000, -59.0000,  415.0000, -366.0000, -43.0000,  0, 0, 0
L 415.0000, -366.0000, -43.0000,  416.0000, -364.0000, -42.0000,  0, 0, 0
L 416.0000, -364.0000, -42.0000,  433.0000, -335.0000, -26.0000,  0, 0, 0
L 433.0000, -335.0000, -26.0000,  447.0000, -306.0000, -12.0000,  0, 0, 0
L 447.0000, -306.0000, -12.0000,  469.0000, -293.0000, -7.0000,  0, 0, 0
L 442.0000, -426.0000, -62.0000,  437.0000, -445.0000, -62.0000,  0, 0, 0
L 437.0000, -445.0000, -62.0000,  437.0000, -465.0000, -66.0000,  0, 0, 0
L 437.0000, -465.0000, -66.0000,  456.0000, -480.0000, -71.0000,  0, 0, 0
L 456.0000, -480.0000, -71.0000,  439.0000, -500.0000, -69.0000,  127, 64, 0
L 439.0000, -500.0000, -69.0000,  401.0000, -498.0000, -70.0000,  127, 64, 0
L 401.0000, -498.0000, -70.0000,  367.0000, -521.0000, -75.0000,  127, 64, 0
L 367.0000, -521.0000, -75.0000,  373.0000, -562.0000, -75.0000,  127, 64, 0
L 373.0000, -562.0000, -75.0000,  368.0000, -585.0000, -73.0000,  127, 64, 0
L 368.0000, -585.0000, -73.0000,  389.0000, -619.0000, -70.0000,  127, 64, 0
L 389.0000, -619.0000, -70.0000,  422.0000, -617.0000, -69.0000,  127, 64, 0
L 422.0000, -617.0000, -69.0000,  445.0000, -637.0000, -68.0000,  127, 64, 0
L 445.0000, -637.0000, -68.0000,  425.0000, -654.0000, -68.0000,  0, 0, 0
L 425.0000, -654.0000, -68.0000,  429.0000, -689.0000, -60.0000,  0, 0, 0
L 429.0000, -689.0000, -60.0000,  446.0000, -715.3000, -64.0000,  0, 0, 0
L 781.0000, -795.0000, -347.0000,  805.0000, -783.0000, -345.0000,  0, 127, 0
L 805.0000, -783.0000, -345.0000,  806.0000, -782.0000, -344.0000,  0, 127, 0
L 806.0000, -782.0000, -344.0000,  814.0000, -761.0000, -341.0000,  0, 127, 0
L 814.0000, -761.0000, -341.0000,  811.0000, -742.0000, -353.0000,  0, 127, 0
L 811.0000, -742.0000, -353.0000,  811.0000, -740.0000, -354.0000,  0, 127, 0
L 811.0000, -740.0000, -354.0000,  808.0000, -718.0000, -368.0000,  0, 127, 0
L 808.0000, -718.0000, -368.0000,  767.0000, -680.0000, -388.0000,  0, 127, 0
L 767.0000, -680.0000, -388.0000,  741.0000, -668.0000, -391.0000,  0, 127, 0
L 741.0000, -668.0000, -391.0000,  693.0000, -663.0000, -391.0000,  0, 127, 0
L 693.0000, -663.0000, -391.0000,  689.0000, -652.0000, -391.0000,  0, 127, 0
L 689.0000, -652.0000, -391.0000,  688.0000, -650.0000, -391.0000,  0, 127, 0
L 688.0000, -650.0000, -391.0000,  675.0000, -635.0000, -396.0000,  0, 127, 0
L 675.0000, -635.0000, -396.0000,  652.0000, -632.0000, -404.0000,  0, 127, 0
L 652.0000, -632.0000, -404.0000,  614.0000, -629.0000, -405.0000,  0, 127, 0
L 614.0000, -629.0000, -405.0000,  586.0000, -603.0000, -402.0000,  0, 127, 0
L 586.0000, -603.0000, -402.0000,  552.0000, -602.0000, -402.0000,  0, 127, 0
L 552.0000, -602.0000, -402.0000,  539.0000, -621.0000, -401.0000,  0, 127, 0
L 539.0000, -621.0000, -401.0000,  535.0000, -621.0000, -401.0000,  0, 127, 0
L 535.0000, -621.0000, -401.0000,  527.0000, -605.0000, -401.0000,  0, 127, 0
L 527.0000, -605.0000, -401.0000,  514.0000, -585.0000, -400.0000,  0, 127, 0
L 514.0000, -585.0000, -400.0000,  462.0000, -579.0000, -406.0000,  0, 127, 0
L 462.0000, -579.0000, -406.0000,  439.0000, -582.0000, -413.0000,  0, 127, 0
L 439.0000, -582.0000, -413.0000,  432.0000, -584.0000, -415.0000,  0, 127, 0
L 432.0000, -584.0000, -415.0000,  424.0000, -610.0000, -413.0000,  0, 127, 0
L 424.0000, -610.0000, -413.0000,  415.0000, -623.0000, -415.0000,  0, 127, 0
L 415.0000, -623.0000, -415.0000,  400.0000, -627.0000, -418.0000,  0, 127, 0
L 400.0000, -627.0000, -418.0000,  378.0000, -620.0000, -415.0000,  0, 127, 0
L 378.0000, -620.0000, -415.0000,  378.0000, -618.0000, -415.0000,  0, 127, 0
L 378.0000, -618.0000, -415.0000,  379.0000, -594.0000, -405.0000,  0, 127, 0
L 379.0000, -594.0000, -405.0000,  379.0000, -592.0000, -404.0000,  0, 127, 0
L 379.0000, -592.0000, -404.0000,  378.0000, -579.0000, -413.0000,  0, 127, 0
L 378.0000, -579.0000, -413.0000,  378.0000, -571.0000, -411.0000,  0, 127, 0
L 378.0000, -571.0000, -411.0000,  379.0000, -567.0000, -411.0000,  0, 127, 0
L 379.0000, -567.0000, -411.0000,  394.0000, -520.0000, -404.0000,  0, 127, 0
L 394.0000, -520.0000, -404.0000,  426.0000, -516.0000, -401.0000,  70, 130, 180
L 426.0000, -516.0000, -401.0000,  451.0000, -512.0000, -389.0000,  70, 130, 180
L 451.0000, -512.0000, -389.0000,  479.0000, -510.0000, -381.0000,  70, 130, 180
L 479.0000, -510.0000, -381.0000,  490.0000, -511.0000, -376.0000,  70, 130, 180
L 490.0000, -511.0000, -376.0000,  520.0000, -511.0000, -370.0000,  70, 130, 180
L 520.0000, -511.0000, -370.0000,  537.0000, -511.0000, -368.0000,  70, 130, 180
L 537.0000, -511.0000, -368.0000,  557.0000, -505.0000, -367.0000,  70, 130, 180
L 557.0000, -505.0000, -367.0000,  558.0000, -504.0000, -366.0000,  70, 130, 180
L 558.0000, -504.0000, -366.0000,  591.0000, -470.0000, -371.0000,  70, 130, 180
L 591.0000, -470.0000, -371.0000,  607.0000, -465.0000, -367.0000,  70, 130, 180
L 607.0000, -465.0000, -367.0000,  621.0000, -467.0000, -360.0000,  70, 130, 180
L 621.0000, -467.0000, -360.0000,  655.0000, -480.0000, -365.0000,  70, 130, 180
L 655.0000, -480.0000, -365.0000,  657.0000, -485.0000, -366.0000,  70, 130, 180
L 657.0000, -485.0000, -366.0000,  704.0000, -515.0000, -368.0000,  70, 130, 180
L 704.0000, -515.0000, -368.0000,  712.0000, -527.0000, -371.0000,  70, 130, 180
L 712.0000, -527.0000, -371.0000,  748.0000, -574.0000, -382.0000,  70, 130, 180
L 748.0000, -574.0000, -382.0000,  750.0000, -591.0000, -380.0000,  70, 130, 180
L 750.0000, -591.0000, -380.0000,  756.0000, -627.0000, -395.0000,  70, 130, 180
L 756.0000, -627.0000, -395.0000,  760.0000, -627.0000, -394.0000,  70, 130, 180
L 760.0000, -627.0000, -394.0000,  757.0000, -650.0000, -393.0000,  0, 127, 0
L 757.0000, -650.0000, -393.0000,  758.0000, -652.0000, -392.0000,  0, 127, 0
L 758.0000, -652.0000, -392.0000,  813.0000, -681.0000, -373.0000,  0, 127, 0
L 813.0000, -681.0000, -373.0000,  812.0000, -691.0000, -370.0000,  0, 127, 0
L 812.0000, -691.0000, -370.0000,  827.0000, -722.0000, -365.0000,  0, 127, 0
L 827.0000, -722.0000, -365.0000,  840.0000, -749.0000, -354.0000,  0, 127, 0
L 840.0000, -749.0000, -354.0000,  838.0000, -774.0000, -347.0000,  0, 127, 0
L 838.0000, -774.0000, -347.0000,  830.0000, -781.0000, -347.0000,  0, 127, 0
L 830.0000, -781.0000, -347.0000,  829.0000, -809.0000, -347.0000,  0, 127, 0
L 829.0000, -809.0000, -347.0000,  833.2000, -815.2000, -348.0000,  0, 127, 0
L 804.3000, -936.9000, -341.0000,  779.0000, -939.0000, -329.0000,  0, 255, 255
L 779.0000, -939.0000, -329.0000,  762.0000, -946.0000, -329.0000,  0, 255, 255
L 762.0000, -946.0000, -329.0000,  747.0000, -960.0000, -335.0000,  0, 255, 255
L 747.0000, -960.0000, -335.0000,  747.0000, -962.0000, -334.0000,  0, 255, 255
L 747.0000, -962.0000, -334.0000,  722.0000, -997.0000, -320.0000,  0, 255, 255
L 722.0000, -997.0000, -320.0000,  682.0000, -1026.0000, -310.0000,  0, 255, 255
L 682.0000, -1026.0000, -310.0000,  671.0000, -1050.0000, -312.0000,  0, 255, 255
L 671.0000, -1050.0000, -312.0000,  668.0000, -1057.0000, -312.0000,  0, 255, 255
L 668.0000, -1057.0000, -312.0000,  657.0000, -1069.0000, -312.0000,  0, 255, 255
L 657.0000, -1069.0000, -312.0000,  636.0000, -1092.0000, -312.0000,  0, 255, 255
L 636.0000, -1092.0000, -312.0000,  611.0000, -1101.0000, -307.0000,  0, 255, 255
L 611.0000, -1101.0000, -307.0000,  611.0000, -1099.0000, -306.0000,  0, 255, 255
L 611.0000, -1099.0000, -306.0000,  595.0000, -1095.0000, -299.0000,  0, 255, 255
L 595.0000, -1095.0000, -299.0000,  564.0000, -1072.0000, -296.0000,  0, 255, 255
L 564.0000, -1072.0000, -296.0000,  562.0000, -1007.0000, -294.0000,  0, 255, 255
L 562.0000, -1007.0000, -294.0000,  564.0000, -1006.0000, -291.0000,  0, 255, 255
L 564.0000, -1006.0000, -291.0000,  595.0000, -989.0000, -283.0000,  0, 255, 255
L 595.0000, -989.0000, -283.0000,  612.0000, -978.0000, -296.0000,  0, 255, 255
L 612.0000, -978.0000, -296.0000,  615.0000, -968.0000, -293.0000,  0, 255, 255
L 615.0000, -968.0000, -293.0000,  617.0000, -965.0000, -294.0000,  0, 255, 255
L 617.0000, -965.0000, -294.0000,  621.0000, -947.0000, -294.0000,  0, 255, 255
L 621.0000, -947.0000, -294.0000,  620.0000, -928.0000, -291.0000,  0, 255, 255
L 620.0000, -928.0000, -291.0000,  613.0000, -908.0000, -282.0000,  0, 255, 255
L 613.0000, -908.0000, -282.0000,  611.0000, -901.0000, -283.0000,  0, 255, 255
L 611.0000, -901.0000, -283.0000,  602.0000, -891.0000, -280.0000,  0, 255, 255
L 602.0000, -891.0000, -280.0000,  591.0000, -884.0000, -278.0000,  0, 255, 255
L 591.0000, -884.0000, -278.0000,  588.0000, -882.0000, -278.0000,  0, 255, 255
L 588.0000, -882.0000, -278.0000,  561.0000, -864.0000, -277.0000,  0, 255, 255
L 561.0000, -864.0000, -277.0000,  525.0000, -844.0000, -265.0000,  0, 255, 255
L 525.0000, -844.0000, -265.0000,  512.0000, -825.0000, -260.0000,  0, 255, 255
L 512.0000, -825.0000, -260.0000,  514.0000, -793.0000, -258.0000,  0, 255, 255
L 514.0000, -793.0000, -258.0000,  515.0000, -787.0000, -258.0000,  0, 255, 255
L 515.0000, -787.0000, -258.0000,  518.0000, -761.0000, -253.0000,  0, 255, 255
L 518.0000, -761.0000, -253.0000,  512.0000, -733.0000, -244.0000,  0, 255, 255
L 512.0000, -733.0000, -244.0000,  506.0000, -701.0000, -237.0000,  0, 255, 255
L 506.0000, -701.0000, -237.0000,  481.0000, -670.0000, -223.0000,  0, 255, 255
L 481.0000, -670.0000, -223.0000,  488.3000, -638.5000, -222.2000,  0, 255, 255
L 390.4000, -622.8000, -246.0000,  383.0000, -621.0000, -247.0000,  0, 255, 255
L 383.0000, -621.0000, -247.0000,  375.0000, -593.0000, -258.0000,  0, 255, 255
L 375.0000, -593.0000, -258.0000,  376.0000, -581.0000, -263.0000,  0, 255, 255
L 376.0000, -581.0000, -263.0000,  378.0000, -567.0000, -268.0000,  0, 255, 255
L 378.0000, -567.0000, -268.0000,  375.0000, -543.0000, -276.0000,  0, 255, 255
L 375.0000, -543.0000, -276.0000,  384.0000, -514.0000, -279.0000,  0, 255, 255
L 384.0000, -514.0000, -279.0000,  389.0000, -511.0000, -279.0000,  0, 255, 255
L 389.0000, -511.0000, -279.0000,  409.9000, -514.8000, -276.0000,  0, 255, 255
L 497.0000, -652.0000, -368.0000,  495.0000, -633.0000, -369.0000,  70, 130, 180
L 495.0000, -633.0000, -369.0000,  497.0000, -610.0000, -372.0000,  70, 130, 180
L 578.0000, -511.0000, -369.0000,  593.0000, -500.0000, -369.0000,  70, 130, 180
L 593.0000, -500.0000, -369.0000,  625.0000, -496.0000, -365.0000,  70, 130, 180
L 625.0000, -496.0000, -365.0000,  652.0000, -506.0000, -366.0000,  70, 130, 180
L 652.0000, -506.0000, -366.0000,  676.0000, -523.0000, -368.0000,  70, 130, 180
L 676.0000, -523.0000, -368.0000,  711.0000, -553.0000, -376.0000,  70, 130, 180
L 711.0000, -553.0000, -376.0000,  722.0000, -571.0000, -381.0000,  70, 130, 180
L 722.0000, -571.0000, -381.0000,  721.0000, -605.0000, -391.0000,  70, 130, 180
L 721.0000, -605.0000, -391.0000,  721.0000, -612.0000, -391.0000,  70, 130, 180
L 721.0000, -612.0000, -391.0000,  697.0000, -624.0000, -391.0000,  0, 127, 0
L 697.0000, -624.0000, -391.0000,  669.0000, -616.0000, -397.0000,  0, 127, 0
L 669.0000, -616.0000, -397.0000,  644.0000, -616.0000, -402.0000,  0, 127, 0
L 644.0000, -616.0000, -402.0000,  628.0000, -613.0000, -404.0000,  0, 127, 0
L 628.0000, -613.0000, -404.0000,  624.0000, -589.0000, -399.0000,  0, 127, 0
L 624.0000, -589.0000, -399.0000,  631.0000, -554.0000, -401.0000,  0, 127, 0
L 631.0000, -554.0000, -401.0000,  622.0000, -517.0000, -407.0000,  0, 127, 0
L 622.0000, -517.0000, -407.0000,  621.0000, -489.0000, -412.0000,  0, 127, 0
L 621.0000, -489.0000, -412.0000,  640.0000, -469.0000, -409.0000,  0, 127, 0
L 640.0000, -469.0000, -409.0000,  652.0000, -464.0000, -409.0000,  0, 127, 0
L 652.0000, -464.0000, -409.0000,  667.0000, -460.0000, -410.0000,  0, 127, 0
L 667.0000, -460.0000, -410.0000,  672.0000, -459.0000, -411.0000,  0, 127, 0
L 672.0000, -459.0000, -411.0000,  705.0000, -454.0000, -411.0000,  0, 127, 0
L 705.0000, -454.0000, -411.0000,  716.0000, -451.0000, -410.0000,  0, 127, 0
L 716.0000, -451.0000, -410.0000,  730.0000, -444.0000, -411.0000,  0, 127, 0
L 730.0000, -444.0000, -411.0000,  757.0000, -406.0000, -415.0000,  0, 127, 0
L 757.0000, -406.0000, -415.0000,  757.0000, -395.0000, -416.0000,  0, 127, 0
L 757.0000, -395.0000, -416.0000,  757.0000, -364.0000, -421.0000,  0, 127, 0
L 757.0000, -364.0000, -421.0000,  747.1000, -343.4000, -419.3000,  0, 127, 0
L 729.0000, -368.0000, -417.0000,  738.0000, -400.0000, -413.0000,  0, 127, 0
L 738.0000, -400.0000, -413.0000,  711.0000, -423.0000, -408.0000,  0, 127, 0
L 711.0000, -423.0000, -408.0000,  694.0000, -429.0000, -409.0000,  0, 127, 0
L 694.0000, -429.0000, -409.0000,  680.0000, -436.0000, -413.0000,  0, 127, 0
L 680.0000, -436.0000, -413.0000,  658.0000, -435.0000, -412.0000,  0, 127, 0
L 658.0000, -435.0000, -412.0000,  635.0000, -438.0000, -410.0000,  0, 127, 0
L 635.0000, -438.0000, -410.0000,  620.0000, -445.0000, -409.0000,  0, 127, 0
L 620.0000, -445.0000, -409.0000,  602.0000, -473.0000, -414.0000,  0, 127, 0
L 602.0000, -473.0000, -414.0000,  598.0000, -501.0000, -412.0000,  0, 127, 0
L 598.0000, -501.0000, -412.0000,  591.0000, -513.0000, -409.0000,  0, 127, 0
L 591.0000, -513.0000, -409.0000,  598.0000, -526.0000, -407.0000,  0, 127, 0
L 598.0000, -526.0000, -407.0000,  610.0000, -547.0000, -403.0000,  0, 127, 0
L 610.0000, -547.0000, -403.0000,  596.0000, -580.0000, -402.0000,  0, 127, 0
L 596.0000, -580.0000, -402.0000,  581.0000, -580.0000, -401.0000,  0, 127, 0
L 581.0000, -580.0000, -401.0000,  570.0000, -585.0000, -401.0000,  0, 127, 0
L 570.0000, -585.0000, -401.0000,  549.0000, -574.0000, -402.0000,  0, 127, 0
L 549.0000, -574.0000, -402.0000,  551.0000, -561.0000, -402.0000,  0, 127, 0
L 551.0000, -561.0000, -402.0000,  543.0000, -545.0000, -401.0000,  0, 127, 0
L 543.0000, -545.0000, -401.0000,  516.0000, -528.0000, -416.0000,  0, 127, 0
L 516.0000, -528.0000, -416.0000,  494.0000, -520.0000, -416.0000,  0, 127, 0
L 494.0000, -520.0000, -416.0000,  475.0000, -524.0000, -416.0000,  0, 127, 0
L 475.0000, -524.0000, -416.0000,  450.0000, -523.0000, -416.0000,  0, 127, 0
L 450.0000, -523.0000, -416.0000,  429.0000, -529.0000, -417.0000,  0, 127, 0
L 429.0000, -529.0000, -417.0000,  400.0000, -537.0000, -414.0000,  0, 127, 0
L 400.0000, -537.0000, -414.0000,  393.0000, -568.0000, -415.0000,  0, 127, 0
L 393.0000, -568.0000, -415.0000,  390.0000, -584.0000, -416.0000,  0, 127, 0
L 781.0000, -795.0000, -347.0000,  755.0000, -793.0000, -358.0000,  0, 127, 0
L 755.0000, -793.0000, -358.0000,  733.0000, -804.0000, -351.0000,  0, 127, 0
L 733.0000, -804.0000, -351.0000,  715.0000, -802.0000, -344.0000,  0, 127, 0
L 715.0000, -802.0000, -344.0000,  712.0000, -833.0000, -347.0000,  0, 127, 0
L 712.0000, -833.0000, -347.0000,  713.0000, -834.0000, -348.0000,  0, 127, 0
L 713.0000, -834.0000, -348.0000,  721.0000, -868.0000, -359.0000,  0, 127, 0
L 721.0000, -868.0000, -359.0000,  724.0000, -892.0000, -355.0000,  0, 127, 0
L 724.0000, -892.0000, -355.0000,  743.0000, -899.0000, -348.0000,  0, 127, 0
L 743.0000, -899.0000, -348.0000,  745.0000, -898.0000, -348.0000,  0, 127, 0
L 745.0000, -898.0000, -348.0000,  763.0000, -897.0000, -349.0000,  127, 64, 0
L 763.0000, -897.0000, -349.0000,  772.0000, -911.0000, -346.0000,  127, 64, 0
L 772.0000, -911.0000, -346.0000,  776.0000, -921.0000, -335.0000,  127, 64, 0
L 776.0000, -921.0000, -335.0000,  751.0000, -910.0000, -334.0000,  127, 64, 0
L 751.0000, -910.0000, -334.0000,  736.0000, -914.0000, -336.0000,  0, 255, 255
L 736.0000, -914.0000, -336.0000,  738.0000, -930.0000, -335.0000,  0, 255, 255
L 738.0000, -930.0000, -335.0000,  732.0000, -948.0000, -334.0000,  0, 255, 255
L 732.0000, -948.0000, -334.0000,  714.0000, -964.0000, -323.0000,  0, 255, 255
L 714.0000, -964.0000, -323.0000,  698.0000, -978.0000, -316.0000,  0, 255, 255
L 698.0000, -978.0000, -316.0000,  680.0000, -1004.0000, -313.0000,  0, 255, 255
L 680.0000, -1004.0000, -313.0000,  665.0000, -1016.0000, -310.0000,  0, 255, 255
L 665.0000, -1016.0000, -310.0000,  640.0000, -1017.0000, -309.0000,  0, 255, 255
L 640.0000, -1017.0000, -309.0000,  630.0000, -983.0000, -296.0000,  0, 255, 255
L 630.0000, -983.0000, -296.0000,  639.0000, -952.0000, -294.0000,  0, 255, 255
L 639.0000, -952.0000, -294.0000,  639.0000, -926.0000, -288.0000,  0, 255, 255
L 639.0000, -926.0000, -288.0000,  628.0000, -890.0000, -278.0000,  0, 255, 255
L 628.0000, -890.0000, -278.0000,  623.0000, -881.0000, -277.0000,  0, 255, 255
L 623.0000, -881.0000, -277.0000,  618.0000, -876.0000, -275.0000,  0, 255, 255
L 618.0000, -876.0000, -275.0000,  611.0000, -868.0000, -275.0000,  0, 255, 255
L 611.0000, -868.0000, -275.0000,  584.0000, -857.0000, -277.0000,  0, 255, 255
L 584.0000, -857.0000, -277.0000,  568.0000, -848.0000, -276.0000,  0, 255, 255
L 568.0000, -848.0000, -276.0000,  550.0000, -830.0000, -266.0000,  0, 255, 255
L 550.0000, -830.0000, -266.0000,  533.0000, -802.0000, -257.0000,  0, 255, 255
L 533.0000, -802.0000, -257.0000,  532.0000, -786.0000, -256.0000,  0, 255, 255
L 532.0000, -786.0000, -256.0000,  541.0000, -754.0000, -251.0000,  0, 255, 255
L 541.0000, -754.0000, -251.0000,  539.0000, -722.0000, -239.0000,  0, 255, 255
L 539.0000, -722.0000, -239.0000,  519.0000, -696.0000, -234.0000,  0, 255, 255
L 519.0000, -696.0000, -234.0000,  506.0000, -662.0000, -222.0000,  0, 255, 255
L 506.0000, -662.0000, -222.0000,  505.0000, -651.0000, -221.0000,  0, 255, 255
L 505.0000, -651.0000, -221.0000,  518.0000, -623.0000, -223.0000,  0, 255, 255
L 518.0000, -623.0000, -223.0000,  540.0000, -617.0000, -228.0000,  0, 255, 255
L 540.0000, -617.0000, -228.0000,  524.0000, -607.0000, -222.0000,  127, 64, 0
L 524.0000, -607.0000, -222.0000,  506.0000, -607.0000, -224.0000,  127, 64, 0
L 506.0000, -607.0000, -224.0000,  492.0000, -611.0000, -222.0000,  127, 64, 0
L 492.0000, -611.0000, -222.0000,  473.0000, -612.0000, -224.0000,  127, 64, 0
L 473.0000, -612.0000, -224.0000,  457.0000, -609.0000, -226.0000,  127, 64, 0
L 457.0000, -609.0000, -226.0000,  428.0000, -597.0000, -238.0000,  127, 64, 0
L 428.0000, -597.0000, -238.0000,  412.0000, -598.0000, -243.0000,  127, 64, 0
L 412.0000, -598.0000, -243.0000,  401.0000, -605.0000, -246.0000,  127, 64, 0
L 401.0000, -605.0000, -246.0000,  389.0000, -606.0000, -249.0000,  127, 64, 0
L 389.0000, -606.0000, -249.0000,  394.0000, -591.0000, -252.0000,  127, 64, 0
L 394.0000, -591.0000, -252.0000,  394.0000, -563.0000, -269.0000,  127, 64, 0
L 394.0000, -563.0000, -269.0000,  395.0000, -528.0000, -276.0000,  127, 64, 0
L 395.0000, -528.0000, -276.0000,  416.0000, -534.0000, -276.0000,  127, 64, 0
L 416.0000, -534.0000, -276.0000,  441.0000, -528.0000, -299.0000,  127, 64, 0
L 441.0000, -528.0000, -299.0000,  447.0000, -545.0000, -301.0000,  127, 64, 0
L 447.0000, -545.0000, -301.0000,  463.0000, -570.0000, -295.0000,  127, 64, 0
L 463.0000, -570.0000, -295.0000,  496.0000, -606.0000, -290.0000,  127, 64, 0
L 496.0000, -606.0000, -290.0000,  497.0000, -609.0000, -278.0000,  139, 69, 19
L 497.0000, -609.0000, -278.0000,  510.0000, -612.0000, -293.0000,  0, 255, 0
L 510.0000, -612.0000, -293.0000,  532.0000, -609.0000, -295.0000,  0, 255, 0
L 532.0000, -609.0000, -295.0000,  563.0000, -616.0000, -293.0000,  0, 255, 0
L 563.0000, -616.0000, -293.0000,  575.0000, -586.0000, -286.0000,  0, 255, 0
L 575.0000, -586.0000, -286.0000,  566.0000, -565.0000, -285.0000,  0, 255, 0
L 566.0000, -565.0000, -285.0000,  570.0000, -544.0000, -281.0000,  0, 255, 0
L 570.0000, -544.0000, -281.0000,  551.0000, -509.0000, -277.0000,  0, 255, 0
L 551.0000, -509.0000, -277.0000,  532.0000, -494.0000, -277.0000,  0, 255, 0
L 532.0000, -494.0000, -277.0000,  533.0000, -470.0000, -276.0000,  0, 255, 0
L 533.0000, -470.0000, -276.0000,  537.0000, -448.0000, -274.0000,  0, 255, 0
L 537.0000, -448.0000, -274.0000,  547.0000, -435.0000, -270.0000,  0, 255, 0
L 547.0000, -435.0000, -270.0000,  556.0000, -401.0000, -260.0000,  0, 255, 0
L 556.0000, -401.0000, -260.0000,  563.0000, -369.0000, -248.0000,  0, 255, 0
L 563.0000, -369.0000, -248.0000,  565.0000, -343.0000, -242.0000,  0, 255, 0
L 565.0000, -343.0000, -242.0000,  582.0000, -319.0000, -234.0000,  0, 255, 0
L 582.0000, -319.0000, -234.0000,  583.0000, -317.0000, -233.0000,  0, 255, 0
L 583.0000, -317.0000, -233.0000,  611.0000, -295.0000, -220.0000,  0, 255, 0
L 611.0000, -295.0000, -220.0000,  636.0000, -289.0000, -223.0000,  0, 255, 0
L 636.0000, -289.0000, -223.0000,  656.0000, -314.0000, -210.0000,  0, 255, 0
L 656.0000, -314.0000, -210.0000,  654.0000, -326.0000, -208.0000,  0, 255, 0
L 654.0000, -326.0000, -208.0000,  649.0000, -334.0000, -204.0000,  0, 255, 0
L 649.0000, -334.0000, -204.0000,  614.0000, -367.0000, -193.0000,  0, 255, 0
L 614.0000, -367.0000, -193.0000,  611.0000, -373.0000, -192.0000,  0, 255, 0
L 611.0000, -373.0000, -192.0000,  608.0000, -401.0000, -184.0000,  0, 255, 0
L 608.0000, -401.0000, -184.0000,  606.0000, -412.0000, -179.0000,  0, 255, 0
L 606.0000, -412.0000, -179.0000,  598.0000, -419.0000, -177.0000,  0, 255, 0
L 598.0000, -419.0000, -177.0000,  566.0000, -434.0000, -171.0000,  0, 255, 0
L 566.0000, -434.0000, -171.0000,  543.0000, -447.0000, -168.0000,  0, 255, 0
L 555.0000, -466.0000, -164.0000,  555.0000, -463.0000, -159.0000,  0, 255, 0
L 555.0000, -463.0000, -159.0000,  574.0000, -454.0000, -169.0000,  0, 255, 0
L 574.0000, -454.0000, -169.0000,  614.0000, -433.0000, -172.0000,  0, 255, 0
L 614.0000, -433.0000, -172.0000,  623.0000, -426.0000, -175.0000,  0, 255, 0
L 623.0000, -426.0000, -175.0000,  629.0000, -414.0000, -179.0000,  0, 255, 0
L 629.0000, -414.0000, -179.0000,  630.0000, -408.0000, -182.0000,  0, 255, 0
L 630.0000, -408.0000, -182.0000,  640.0000, -374.0000, -192.0000,  0, 255, 0
L 640.0000, -374.0000, -192.0000,  659.0000, -346.0000, -206.0000,  0, 255, 0
L 659.0000, -346.0000, -206.0000,  668.0000, -327.0000, -208.0000,  0, 255, 0
L 668.0000, -327.0000, -208.0000,  671.0000, -325.0000, -208.0000,  0, 255, 0
L 671.0000, -325.0000, -208.0000,  716.0000, -315.0000, -206.0000,  0, 255, 0
L 716.0000, -315.0000, -206.0000,  731.0000, -307.0000, -208.0000,  0, 255, 0
L 731.0000, -307.0000, -208.0000,  732.0000, -303.0000, -208.0000,  0, 255, 0
L 732.0000, -303.0000, -208.0000,  736.0000, -281.0000, -206.0000,  0, 255, 0
L 736.0000, -281.0000, -206.0000,  730.0000, -261.0000, -207.0000,  0, 255, 0
L 730.0000, -261.0000, -207.0000,  728.0000, -251.0000, -207.0000,  0, 255, 0
L 728.0000, -251.0000, -207.0000,  689.0000, -215.0000, -217.0000,  0, 255, 0
L 689.0000, -215.0000, -217.0000,  671.0000, -217.0000, -223.0000,  0, 255, 0
L 671.0000, -217.0000, -223.0000,  657.0000, -224.0000, -219.0000,  0, 255, 0
L 657.0000, -224.0000, -219.0000,  634.0000, -245.0000, -223.0000,  0, 255, 0
L 634.0000, -245.0000, -223.0000,  619.0000, -244.0000, -222.0000,  0, 255, 0
L 619.0000, -244.0000, -222.0000,  618.0000, -266.0000, -218.0000,  0, 255, 0
L 618.0000, -266.0000, -218.0000,  575.0000, -292.0000, -230.0000,  0, 255, 0
L 575.0000, -292.0000, -230.0000,  552.0000, -311.0000, -239.0000,  0, 255, 0
L 552.0000, -311.0000, -239.0000,  544.0000, -352.0000, -250.0000,  0, 255, 0
L 544.0000, -352.0000, -250.0000,  542.0000, -363.0000, -252.0000,  0, 255, 0
L 542.0000, -363.0000, -252.0000,  537.0000, -376.0000, -254.0000,  0, 255, 0
L 537.0000, -376.0000, -254.0000,  531.0000, -427.0000, -269.0000,  0, 255, 0
L 531.0000, -427.0000, -269.0000,  518.0000, -442.0000, -275.0000,  0, 255, 0
L 518.0000, -442.0000, -275.0000,  513.0000, -470.0000, -277.0000,  0, 255, 0
L 513.0000, -470.0000, -277.0000,  511.0000, -503.0000, -278.0000,  0, 255, 0
L 511.0000, -503.0000, -278.0000,  505.0000, -507.0000, -277.0000,  0, 255, 0
L 505.0000, -507.0000, -277.0000,  503.0000, -509.0000, -277.0000,  0, 255, 0
L 544.0000, -446.0000, -168.0000,  528.0000, -470.0000, -163.0000,  0, 255, 0
L 528.0000, -470.0000, -163.0000,  520.0000, -501.0000, -164.0000,  0, 255, 0
L 520.0000, -501.0000, -164.0000,  487.0000, -503.0000, -172.0000,  0, 255, 0
L 487.0000, -503.0000, -172.0000,  473.0000, -503.0000, -174.0000,  0, 255, 0
L 473.0000, -503.0000, -174.0000,  451.0000, -504.0000, -179.0000,  0, 255, 0
L 451.0000, -504.0000, -179.0000,  425.0000, -507.0000, -183.0000,  0, 255, 0
L 425.0000, -507.0000, -183.0000,  405.0000, -501.0000, -183.0000,  0, 0, 255
L 405.0000, -501.0000, -183.0000,  391.0000, -482.0000, -181.0000,  0, 0, 255
L 391.0000, -482.0000, -181.0000,  390.0000, -454.0000, -178.0000,  0, 0, 255
L 390.0000, -454.0000, -178.0000,  385.0000, -432.0000, -169.0000,  0, 0, 255
L 385.0000, -432.0000, -169.0000,  384.0000, -401.0000, -159.0000,  0, 0, 255
L 384.0000, -401.0000, -159.0000,  386.0000, -373.0000, -153.0000,  0, 0, 255
L 386.0000, -373.0000, -153.0000,  419.0000, -354.0000, -135.0000,  0, 0, 255
L 419.0000, -354.0000, -135.0000,  458.0000, -356.0000, -133.0000,  0, 0, 255
L 458.0000, -356.0000, -133.0000,  461.0000, -359.0000, -132.0000,  0, 0, 255
L 461.0000, -359.0000, -132.0000,  471.0000, -392.0000, -124.0000,  0, 0, 255
L 471.0000, -392.0000, -124.0000,  481.0000, -413.0000, -116.0000,  0, 0, 255
L 481.0000, -413.0000, -116.0000,  491.0000, -453.0000, -83.0000,  0, 0, 255
L 491.0000, -453.0000, -83.0000,  492.0000, -458.0000, -81.0000,  0, 0, 255
L 492.0000, -458.0000, -81.0000,  483.0000, -492.0000, -69.0000,  0, 0, 255
L 534.0000, -515.0000, -69.0000,  526.0000, -510.0000, -69.0000,  0, 0, 255
L 526.0000, -510.0000, -69.0000,  507.0000, -503.0000, -70.0000,  0, 0, 255
L 507.0000, -503.0000, -70.0000,  515.0000, -482.0000, -70.0000,  0, 0, 255
L 515.0000, -482.0000, -70.0000,  523.0000, -471.0000, -75.0000,  0, 0, 255
L 523.0000, -471.0000, -75.0000,  522.0000, -467.0000, -76.0000,  0, 0, 255
L 522.0000, -467.0000, -76.0000,  505.0000, -427.0000, -99.0000,  0, 0, 255
L 505.0000, -427.0000, -99.0000,  490.0000, -371.0000, -133.0000,  0, 0, 255
L 490.0000, -371.0000, -133.0000,  491.0000, -366.0000, -133.0000,  0, 0, 255
L 491.0000, -366.0000, -133.0000,  510.0000, -338.0000, -130.0000,  0, 0, 255
L 510.0000, -338.0000, -130.0000,  497.0000, -316.0000, -133.0000,  0, 0, 255
L 497.0000, -316.0000, -133.0000,  468.0000, -297.0000, -132.0000,  0, 0, 255
L 468.0000, -297.0000, -132.0000,  437.0000, -314.0000, -132.0000,  0, 0, 255
L 437.0000, -314.0000, -132.0000,  425.0000, -331.0000, -131.0000,  0, 0, 255
L 425.0000, -331.0000, -131.0000,  407.0000, -335.0000, -139.0000,  0, 0, 255
L 407.0000, -335.0000, -139.0000,  381.0000, -352.0000, -150.0000,  0, 0, 255
L 381.0000, -352.0000, -150.0000,  366.0000, -369.0000, -154.0000,  0, 0, 255
L 366.0000, -369.0000, -154.0000,  362.0000, -402.0000, -163.0000,  0, 0, 255
L 362.0000, -402.0000, -163.0000,  367.0000, -431.0000, -173.0000,  0, 0, 255
L 367.0000, -431.0000, -173.0000,  370.0000, -486.0000, -181.0000,  0, 0, 255
L 370.0000, -486.0000, -181.0000,  382.0000, -510.0000, -183.0000,  0, 0, 255
L 382.0000, -510.0000, -183.0000,  367.0000, -527.0000, -183.0000,  0, 0, 255
L 367.0000, -527.0000, -183.0000,  361.0000, -536.0000, -171.0000,  0, 0, 255
L 361.0000, -536.0000, -171.0000,  367.0000, -555.0000, -183.0000,  0, 0, 255
L 367.0000, -555.0000, -183.0000,  370.0000, -535.0000, -183.0000,  127, 64, 0
L 370.0000, -535.0000, -183.0000,  391.0000, -520.0000, -184.0000,  127, 64, 0
L 391.0000, -520.0000, -184.0000,  416.0000, -536.0000, -180.0000,  127, 64, 0
L 416.0000, -536.0000, -180.0000,  414.0000, -559.0000, -176.0000,  127, 64, 0
L 414.0000, -559.0000, -176.0000,  415.0000, -596.0000, -173.0000,  127, 64, 0
L 415.0000, -596.0000, -173.0000,  401.0000, -620.0000, -170.0000,  127, 64, 0
L 401.0000, -620.0000, -170.0000,  414.0000, -636.0000, -166.0000,  0, 255, 0
L 414.0000, -636.0000, -166.0000,  394.0000, -658.0000, -168.0000,  0, 255, 0
L 394.0000, -658.0000, -168.0000,  392.0000, -670.0000, -171.0000,  0, 255, 0
L 392.0000, -670.0000, -171.0000,  398.0000, -698.0000, -174.0000,  0, 255, 0
L 398.0000, -698.0000, -174.0000,  400.0000, -707.0000, -173.0000,  0, 255, 0
L 400.0000, -707.0000, -173.0000,  391.0000, -744.0000, -177.0000,  0, 0, 0
L 391.0000, -744.0000, -177.0000,  356.0000, -777.0000, -180.0000,  0, 0, 0
L 356.0000, -777.0000, -180.0000,  355.0000, -779.0000, -180.0000,  0, 0, 0
L 355.0000, -779.0000, -180.0000,  337.0000, -799.0000, -174.0000,  0, 0, 0
L 337.0000, -799.0000, -174.0000,  324.0000, -806.0000, -176.0000,  0, 0, 0
L 324.0000, -806.0000, -176.0000,  358.0000, -843.0000, -167.0000,  0, 0, 0
L 358.0000, -843.0000, -167.0000,  361.0000, -867.0000, -158.0000,  0, 0, 0
L 361.0000, -867.0000, -158.0000,  363.0000, -878.0000, -154.0000,  0, 0, 0
L 363.0000, -878.0000, -154.0000,  372.0000, -907.0000, -145.0000,  0, 0, 0
L 372.0000, -907.0000, -145.0000,  387.0000, -892.0000, -140.0000,  0, 0, 0
L 387.0000, -892.0000, -140.0000,  401.0000, -875.0000, -136.0000,  0, 0, 0
L 401.0000, -875.0000, -136.0000,  433.0000, -865.0000, -124.0000,  0, 0, 0
L 433.0000, -865.0000, -124.0000,  459.0000, -850.0000, -114.0000,  0, 0, 0
L 459.0000, -850.0000, -114.0000,  474.0000, -843.0000, -121.0000,  0, 0, 0
L 474.0000, -843.0000, -121.0000,  484.0000, -865.0000, -117.0000,  0, 0, 0
L 484.0000, -865.0000, -117.0000,  495.0000, -900.0000, -119.0000,  0, 0, 0
L 495.0000, -900.0000, -119.0000,  494.0000, -932.0000, -123.0000,  0, 0, 0
L 494.0000, -932.0000, -123.0000,  492.0000, -943.0000, -124.0000,  0, 0, 0
L 492.0000, -943.0000, -124.0000,  491.0000, -952.0000, -124.0000,  0, 0, 0
L 491.0000, -952.0000, -124.0000,  477.0000, -987.0000, -122.0000,  0, 0, 0
L 477.0000, -987.0000, -122.0000,  475.0000, -1025.0000, -119.0000,  0, 0, 0
L 475.0000, -1025.0000, -119.0000,  476.0000, -1030.0000, -120.0000,  0, 0, 0
L 476.0000, -1030.0000, -120.0000,  469.0000, -1060.0000, -119.0000,  0, 0, 0
L 469.0000, -1060.0000, -119.0000,  475.0000, -1084.0000, -117.0000,  0, 0, 0
L 475.0000, -1084.0000, -117.0000,  502.0000, -1108.0000, -118.0000,  0, 0, 0
L 502.0000, -1108.0000, -118.0000,  531.0000, -1098.0000, -119.0000,  0, 0, 0
L 531.0000, -1098.0000, -119.0000,  534.0000, -1088.0000, -119.0000,  0, 0, 0
L 534.0000, -1088.0000, -119.0000,  538.0000, -1085.0000, -119.0000,  0, 0, 0
L 538.0000, -1085.0000, -119.0000,  563.0000, -1065.0000, -113.0000,  0, 0, 0
L 563.0000, -1065.0000, -113.0000,  584.0000, -1052.0000, -111.0000,  0, 0, 0
L 584.0000, -1052.0000, -111.0000,  640.0000, -1042.0000, -106.0000,  0, 0, 0
L 640.0000, -1042.0000, -106.0000,  670.0000, -1021.0000, -108.0000,  0, 0, 0
L 670.0000, -1021.0000, -108.0000,  665.0000, -997.0000, -109.0000,  0, 0, 0
L 665.0000, -997.0000, -109.0000,  651.0000, -970.0000, -104.0000,  0, 0, 0
L 651.0000, -970.0000, -104.0000,  618.0000, -966.0000, -105.0000,  0, 0, 0
L 618.0000, -966.0000, -105.0000,  600.0000, -951.0000, -94.0000,  0, 0, 0
L 600.0000, -951.0000, -94.0000,  584.0000, -939.0000, -84.0000,  0, 0, 0
L 584.0000, -939.0000, -84.0000,  585.0000, -931.0000, -81.0000,  0, 0, 0
L 585.0000, -931.0000, -81.0000,  580.0000, -930.0000, -79.0000,  0, 0, 0
L 580.0000, -930.0000, -79.0000,  558.0000, -931.0000, -76.0000,  0, 0, 0
L 558.0000, -931.0000, -76.0000,  546.0000, -930.0000, -75.0000,  0, 0, 0
L 546.0000, -930.0000, -75.0000,  525.0000, -935.0000, -75.0000,  0, 0, 0
L 525.0000, -935.0000, -75.0000,  505.0000, -944.0000, -75.0000,  0, 0, 0
L 505.0000, -944.0000, -75.0000,  471.0000, -927.0000, -72.0000,  0, 0, 0
L 471.0000, -927.0000, -72.0000,  434.0000, -884.0000, -63.0000,  0, 0, 0
L 408.0000, -883.0000, -65.0000,  418.0000, -900.0000, -65.0000,  0, 0, 0
L 418.0000, -900.0000, -65.0000,  419.0000, -904.0000, -64.0000,  0, 0, 0
L 419.0000, -904.0000, -64.0000,  446.0000, -929.0000, -74.0000,  0, 0, 0
L 446.0000, -929.0000, -74.0000,  447.0000, -950.0000, -76.0000,  0, 0, 0
L 447.0000, -950.0000, -76.0000,  436.0000, -968.0000, -74.0000,  0, 0, 0
L 436.0000, -968.0000, -74.0000,  424.0000, -976.0000, -76.0000,  0, 0, 0
L 424.0000, -976.0000, -76.0000,  393.0000, -988.0000, -74.0000,  0, 0, 0
L 393.0000, -988.0000, -74.0000,  374.0000, -1013.0000, -75.0000,  0, 0, 0
L 374.0000, -1013.0000, -75.0000,  365.0000, -1025.0000, -77.0000,  0, 0, 0
L 365.0000, -1025.0000, -77.0000,  367.0000, -1048.0000, -79.0000,  0, 0, 0
L 367.0000, -1048.0000, -79.0000,  380.0000, -1088.0000, -82.0000,  0, 0, 0
L 380.0000, -1088.0000, -82.0000,  386.0000, -1097.0000, -82.0000,  0, 0, 0
L 386.0000, -1097.0000, -82.0000,  377.0000, -1133.0000, -78.0000,  0, 0, 0
L 377.0000, -1133.0000, -78.0000,  392.0000, -1160.0000, -81.0000,  0, 0, 0
L 392.0000, -1160.0000, -81.0000,  437.0000, -1165.0000, -81.0000,  0, 0, 0
L 437.0000, -1165.0000, -81.0000,  451.0000, -1140.0000, -81.0000,  0, 0, 0
L 451.0000, -1140.0000, -81.0000,  433.0000, -1113.0000, -82.0000,  0, 0, 0
L 433.0000, -1113.0000, -82.0000,  415.0000, -1104.0000, -80.0000,  0, 0, 0
L 415.0000, -1104.0000, -80.0000,  401.0000, -1082.0000, -81.0000,  0, 0, 0
L 401.0000, -1082.0000, -81.0000,  389.0000, -1027.0000, -75.0000,  0, 0, 0
L 389.0000, -1027.0000, -75.0000,  391.0000, -1022.0000, -75.0000,  0, 0, 0
L 391.0000, -1022.0000, -75.0000,  405.0000, -1006.0000, -72.0000,  0, 0, 0
L 405.0000, -1006.0000, -72.0000,  418.0000, -1001.0000, -72.0000,  0, 0, 0
L 418.0000, -1001.0000, -72.0000,  442.0000, -992.0000, -75.0000,  0, 0, 0
L 442.0000, -992.0000, -75.0000,  443.0000, -993.0000, -73.0000,  0, 0, 0
L 443.0000, -993.0000, -73.0000,  461.0000, -999.0000, -75.0000,  0, 0, 0
L 461.0000, -999.0000, -75.0000,  485.0000, -994.0000, -72.0000,  0, 0, 0
L 485.0000, -994.0000, -72.0000,  503.0000, -968.0000, -73.0000,  0, 0, 0
L 503.0000, -968.0000, -73.0000,  531.0000, -960.0000, -74.0000,  0, 0, 0
L 531.0000, -960.0000, -74.0000,  547.0000, -956.0000, -76.0000,  0, 0, 0
L 547.0000, -956.0000, -76.0000,  579.0000, -963.0000, -91.0000,  0, 0, 0
L 579.0000, -963.0000, -91.0000,  605.0000, -981.0000, -103.0000,  0, 0, 0
L 605.0000, -981.0000, -103.0000,  611.0000, -1013.0000, -108.0000,  0, 0, 0
L 611.0000, -1013.0000, -108.0000,  605.0000, -1024.0000, -106.0000,  0, 0, 0
L 605.0000, -1024.0000, -106.0000,  577.0000, -1028.0000, -111.0000,  0, 0, 0
L 577.0000, -1028.0000, -111.0000,  538.0000, -1057.0000, -119.0000,  0, 0, 0
L 538.0000, -1057.0000, -119.0000,  511.0000, -1046.0000, -119.0000,  0, 0, 0
L 511.0000, -1046.0000, -119.0000,  497.0000, -1030.0000, -118.0000,  0, 0, 0
L 497.0000, -1030.0000, -118.0000,  494.0000, -1018.0000, -117.0000,  0, 0, 0
L 494.0000, -1018.0000, -117.0000,  497.0000, -978.0000, -123.0000,  0, 0, 0
L 497.0000, -978.0000, -123.0000,  511.0000, -951.0000, -122.0000,  0, 0, 0
L 511.0000, -951.0000, -122.0000,  516.0000, -900.0000, -115.0000,  0, 0, 0
L 516.0000, -900.0000, -115.0000,  513.0000, -887.0000, -114.0000,  0, 0, 0
L 513.0000, -887.0000, -114.0000,  509.0000, -876.0000, -114.0000,  0, 0, 0
L 509.0000, -876.0000, -114.0000,  496.0000, -849.0000, -116.0000,  0, 0, 0
L 496.0000, -849.0000, -116.0000,  491.0000, -828.0000, -120.0000,  0, 0, 0
L 491.0000, -828.0000, -120.0000,  506.0000, -805.0000, -126.0000,  0, 0, 0
L 506.0000, -805.0000, -126.0000,  485.0000, -807.0000, -120.0000,  127, 64, 0
L 485.0000, -807.0000, -120.0000,  470.0000, -818.0000, -122.0000,  127, 64, 0
L 470.0000, -818.0000, -122.0000,  461.0000, -829.0000, -119.0000,  127, 64, 0
L 461.0000, -829.0000, -119.0000,  445.0000, -840.0000, -121.0000,  127, 64, 0
L 445.0000, -840.0000, -121.0000,  431.0000, -848.0000, -124.0000,  127, 64, 0
L 431.0000, -848.0000, -124.0000,  420.0000, -848.0000, -128.0000,  127, 64, 0
L 420.0000, -848.0000, -128.0000,  401.0000, -854.0000, -135.0000,  127, 64, 0
L 401.0000, -854.0000, -135.0000,  388.0000, -864.0000, -141.0000,  127, 64, 0
L 388.0000, -864.0000, -141.0000,  374.0000, -884.0000, -146.0000,  127, 64, 0
L 374.0000, -884.0000, -146.0000,  373.0000, -865.0000, -150.0000,  127, 64, 0
L 373.0000, -865.0000, -150.0000,  371.0000, -833.0000, -167.0000,  127, 64, 0
L 371.0000, -833.0000, -167.0000,  350.0000, -820.0000, -177.0000,  127, 64, 0
L 350.0000, -820.0000, -177.0000,  338.0000, -811.0000, -174.0000,  127, 64, 0
L 338.0000, -811.0000, -174.0000,  358.0000, -807.0000, -174.0000,  127, 64, 0
L 358.0000, -807.0000, -174.0000,  370.0000, -793.0000, -180.0000,  127, 64, 0
L 370.0000, -793.0000, -180.0000,  387.0000, -772.0000, -179.0000,  127, 64, 0
L 387.0000, -772.0000, -179.0000,  408.0000, -749.0000, -176.0000,  127, 64, 0
L 408.0000, -749.0000, -176.0000,  422.0000, -745.0000, -173.0000,  127, 64, 0
L 422.0000, -745.0000, -173.0000,  447.0000, -758.0000, -184.0000,  127, 64, 0
L 447.0000, -758.0000, -184.0000,  459.0000, -778.0000, -204.0000,  127, 64, 0
L 459.0000, -778.0000, -204.0000,  478.0000, -793.0000, -216.0000,  127, 64, 0
L 478.0000, -793.0000, -216.0000,  460.0000, -807.0000, -226.0000,  127, 64, 0
L 460.0000, -807.0000, -226.0000,  437.0000, -821.0000, -241.0000,  127, 64, 0
L 437.0000, -821.0000, -241.0000,  418.0000, -844.0000, -256.0000,  127, 64, 0
L 418.0000, -844.0000, -256.0000,  391.0000, -848.0000, -274.0000,  127, 64, 0
L 373.0000, -864.0000, -274.0000,  385.0000, -901.0000, -273.0000,  0, 255, 0
L 385.0000, -901.0000, -273.0000,  392.0000, -892.0000, -272.0000,  0, 255, 0
L 392.0000, -892.0000, -272.0000,  405.0000, -869.0000, -268.0000,  0, 255, 0
L 405.0000, -869.0000, -268.0000,  435.0000, -864.0000, -254.0000,  0, 255, 0
L 435.0000, -864.0000, -254.0000,  458.0000, -839.0000, -237.0000,  0, 255, 0
L 458.0000, -839.0000, -237.0000,  491.0000, -814.0000, -217.0000,  0, 255, 0
L 491.0000, -814.0000, -217.0000,  523.0000, -795.0000, -205.0000,  0, 255, 0
L 523.0000, -795.0000, -205.0000,  491.0000, -784.0000, -212.0000,  0, 255, 0
L 491.0000, -784.0000, -212.0000,  477.0000, -764.0000, -204.0000,  0, 255, 0
L 477.0000, -764.0000, -204.0000,  464.0000, -712.0000, -176.0000,  0, 255, 0
L 464.0000, -712.0000, -176.0000,  451.0000, -710.0000, -174.0000,  0, 255, 0
L 451.0000, -710.0000, -174.0000,  437.0000, -706.0000, -173.0000,  0, 255, 0
L 437.0000, -706.0000, -174.0000,  431.0000, -706.0000, -174.0000,  0, 255, 0
L 431.0000, -706.0000, -174.0000,  418.0000, -688.0000, -170.0000,  0, 255, 0
L 418.0000, -688.0000, -170.0000,  414.0000, -665.0000, -169.0000,  0, 255, 0
L 414.0000, -665.0000, -169.0000,  426.0000, -644.0000, -164.0000,  0, 255, 0
L 426.0000, -644.0000, -164.0000,  440.0000, -625.0000, -168.0000,  0, 255, 0
L 440.0000, -625.0000, -168.0000,  468.0000, -624.0000, -169.0000,  0, 255, 0
L 468.0000, -624.0000, -169.0000,  441.0000, -611.0000, -169.0000,  127, 64, 0
L 441.0000, -611.0000, -169.0000,  441.0000, -583.0000, -173.0000,  127, 64, 0
L 441.0000, -583.0000, -173.0000,  443.0000, -552.0000, -176.0000,  127, 64, 0
L 443.0000, -552.0000, -176.0000,  444.0000, -534.0000, -180.0000,  127, 64, 0
L 444.0000, -534.0000, -180.0000,  442.0000, -519.0000, -182.0000,  127, 64, 0
L 442.0000, -519.0000, -182.0000,  464.0000, -513.0000, -177.0000,  127, 64, 0
L 464.0000, -513.0000, -177.0000,  488.0000, -510.0000, -172.0000,  127, 64, 0
L 488.0000, -510.0000, -172.0000,  507.0000, -519.0000, -168.0000,  127, 64, 0
L 507.0000, -519.0000, -168.0000,  532.0000, -523.0000, -167.0000,  127, 64, 0
L 532.0000, -523.0000, -167.0000,  547.0000, -519.0000, -166.0000,  127, 64, 0
L 547.0000, -519.0000, -166.0000,  564.0000, -521.0000, -165.0000,  127, 64, 0
L 564.0000, -521.0000, -165.0000,  540.0000, -513.0000, -166.0000,  0, 255, 0
L 540.0000, -513.0000, -166.0000,  545.0000, -499.0000, -164.0000,  0, 255, 0
L 545.0000, -499.0000, -164.0000,  549.0000, -475.0000, -163.0000,  0, 255, 0
L 549.0000, -475.0000, -163.0000,  551.0000, -472.0000, -164.0000,  0, 255, 0
L 551.0000, -472.0000, -164.0000,  554.0000, -464.0000, -165.0000,  0, 255, 0
L 473.0000, -656.0000, -365.0000,  475.0000, -672.0000, -369.0000,  70, 130, 180
L 475.0000, -672.0000, -369.0000,  473.0000, -704.0000, -376.0000,  70, 130, 180
L 498.0000, -701.0000, -372.0000,  496.0000, -678.0000, -372.0000,  70, 130, 180
L 496.0000, -678.0000, -372.0000,  497.0000, -652.0000, -368.0000,  70, 130, 180
L 473.0000, -656.0000, -365.0000,  479.0000, -620.0000, -369.0000,  70, 130, 180
L 479.0000, -620.0000, -369.0000,  477.0000, -611.0000, -369.0000,  70, 130, 180
L 477.0000, -611.0000, -369.0000,  459.0000, -608.0000, -368.0000,  70, 130, 180
L 459.0000, -608.0000, -368.0000,  425.0000, -616.0000, -375.0000,  70, 130, 180
L 425.0000, -616.0000, -375.0000,  424.0000, -615.0000, -375.0000,  70, 130, 180
L 424.0000, -615.0000, -375.0000,  450.0000, -600.0000, -371.0000,  127, 64, 0
L 450.0000, -600.0000, -371.0000,  476.0000, -581.0000, -373.0000,  127, 64, 0
L 476.0000, -581.0000, -373.0000,  483.0000, -560.0000, -368.0000,  127, 64, 0
L 483.0000, -560.0000, -368.0000,  507.0000, -525.0000, -370.0000,  127, 64, 0
L 507.0000, -525.0000, -370.0000,  482.0000, -520.0000, -378.0000,  127, 64, 0
L 482.0000, -520.0000, -378.0000,  449.0000, -518.0000, -390.0000,  127, 64, 0
L 390.0000, -584.0000, -416.0000,  395.0000, -541.0000, -407.0000,  127, 64, 0
L 395.0000, -541.0000, -407.0000,  400.0000, -530.0000, -404.0000,  127, 64, 0
L 400.0000, -530.0000, -404.0000,  426.0000, -528.0000, -402.0000,  127, 64, 0
L 426.0000, -528.0000, -402.0000,  449.0000, -518.0000, -390.0000,  127, 64, 0
L 524.0000, -614.0000, -370.0000,  520.0000, -594.0000, -370.0000,  127, 64, 0
L 520.0000, -594.0000, -370.0000,  512.0000, -575.0000, -367.0000,  127, 64, 0
L 512.0000, -575.0000, -367.0000,  524.0000, -553.0000, -367.0000,  127, 64, 0
L 524.0000, -553.0000, -367.0000,  536.0000, -535.0000, -370.0000,  127, 64, 0
L 536.0000, -535.0000, -370.0000,  564.0000, -558.0000, -370.0000,  127, 64, 0
L 564.0000, -558.0000, -370.0000,  572.0000, -541.0000, -367.0000,  70, 130, 180
L 572.0000, -541.0000, -367.0000,  571.0000, -540.0000, -368.0000,  70, 130, 180
L 571.0000, -540.0000, -368.0000,  562.0000, -528.0000, -363.0000,  70, 130, 180
L 562.0000, -528.0000, -363.0000,  568.0000, -520.0000, -368.0000,  70, 130, 180
L 442.0000, -426.0000, -62.0000,  441.9000, -423.9000, -61.5000,  0, 0, 0
L 441.9000, -423.9000, -61.5000,  438.5000, -416.2000, -59.8000,  0, 0, 0
L 438.5000, -416.2000, -59.8000,  434.8000, -404.1000, -54.8000,  0, 0, 0
L 434.8000, -404.1000, -54.8000,  437.0000, -389.9000, -45.5000,  0, 0, 0
L 437.0000, -389.9000, -45.5000,  439.5000, -376.9000, -38.5000,  0, 0, 0
L 439.5000, -376.9000, -38.5000,  437.8000, -375.3000, -38.8000,  0, 0, 0
L 437.8000, -375.3000, -38.8000,  437.1000, -372.3000, -37.9000,  0, 0, 0
L 437.1000, -372.3000, -37.9000,  439.9000, -370.8000, -35.6000,  0, 0, 0
L 439.9000, -370.8000, -35.6000,  439.6000, -367.3000, -34.4000,  0, 0, 0
L 439.6000, -367.3000, -34.4000,  440.8000, -367.5000, -31.8000,  0, 0, 0
L 440.8000, -367.5000, -31.8000,  445.8000, -361.9000, -29.6000,  0, 0, 0
L 445.8000, -361.9000, -29.6000,  448.0000, -357.2000, -27.0000,  0, 0, 0
L 448.0000, -357.2000, -27.0000,  449.7000, -344.2000, -22.4000,  0, 0, 0
L 449.7000, -344.2000, -22.4000,  464.2000, -327.5000, -13.6000,  0, 0, 0
L 381.5000, -487.0000, -67.5000,  365.8000, -502.6000, -72.9000,  0, 0, 0
L 365.8000, -502.6000, -72.9000,  356.8000, -513.0000, -75.5000,  0, 0, 0
L 356.8000, -513.0000, -75.5000,  354.5000, -517.5000, -75.9000,  0, 0, 0
L 354.5000, -517.5000, -75.9000,  361.3000, -558.1000, -75.5000,  0, 0, 0
L 361.3000, -558.1000, -75.5000,  362.2000, -564.1000, -75.4000,  0, 0, 0
L 362.2000, -564.1000, -75.4000,  357.5000, -596.1000, -72.3000,  0, 0, 0
L 357.5000, -596.1000, -72.3000,  375.5000, -634.8000, -70.0000,  0, 0, 0
L 375.5000, -634.8000, -70.0000,  397.1000, -652.5000, -70.0000,  0, 0, 0
L 397.1000, -652.5000, -70.0000,  400.6000, -653.6000, -67.6000,  0, 0, 0
L 400.6000, -653.6000, -67.6000,  401.7000, -657.9000, -69.2000,  0, 0, 0
L 401.7000, -657.9000, -69.2000,  399.3000, -659.2000, -67.6000,  0, 0, 0
L 399.3000, -659.2000, -67.6000,  402.3000, -667.1000, -66.6000,  0, 0, 0
L 402.3000, -667.1000, -66.6000,  398.3000, -672.8000, -65.0000,  0, 0, 0
L 398.3000, -672.8000, -65.0000,  396.1000, -686.0000, -63.1000,  0, 0, 0
L 396.1000, -686.0000, -63.1000,  401.6000, -693.0000, -63.0000,  0, 0, 0
L 401.6000, -693.0000, -63.0000,  405.7000, -696.6000, -63.3000,  0, 0, 0
L 405.7000, -696.6000, -63.3000,  408.5000, -702.0000, -63.5000,  0, 0, 0
L 408.5000, -702.0000, -63.5000,  417.8000, -712.4000, -63.9000,  0, 0, 0
L 417.8000, -712.4000, -63.9000,  414.8000, -722.6000, -62.8000,  0, 0, 0
L 414.8000, -722.6000, -62.8000,  419.0000, -724.0000, -62.3000,  0, 0, 0
L 419.0000, -724.0000, -62.3000,  419.8000, -726.4000, -62.7000,  0, 0, 0
L 419.8000, -726.4000, -62.7000,  418.2000, -728.6000, -65.1000,  0, 0, 0
L 418.2000, -728.6000, -65.1000,  410.5000, -725.6000, -64.1000,  0, 0, 0
L 410.5000, -725.6000, -64.1000,  406.9000, -726.5000, -64.4000,  0, 0, 0
L 406.9000, -726.5000, -64.4000,  395.1000, -729.9000, -67.6000,  0, 0, 0
L 395.1000, -729.9000, -67.6000,  400.3000, -737.7000, -67.8000,  0, 0, 0
L 400.3000, -737.7000, -67.8000,  397.2000, -742.9000, -69.2000,  0, 0, 0
L 397.2000, -742.9000, -69.2000,  394.4000, -743.4000, -69.9000,  0, 0, 0
L 394.4000, -743.4000, -69.9000,  389.6000, -743.0000, -70.6000,  0, 0, 0
L 389.6000, -743.0000, -70.6000,  387.3000, -738.8000, -70.3000,  0, 0, 0
L 387.3000, -738.8000, -70.3000,  386.0000, -745.5000, -71.5000,  0, 0, 0
L 386.0000, -745.5000, -71.5000,  369.9000, -760.5000, -76.0000,  0, 0, 0
L 369.9000, -760.5000, -76.0000,  350.2000, -781.4000, -81.8000,  0, 0, 0
L 350.2000, -781.4000, -81.8000,  333.7000, -786.8000, -80.6000,  0, 0, 0
L 333.7000, -786.8000, -80.6000,  332.2000, -785.9000, -80.6000,  0, 0, 0
L 332.2000, -785.9000, -80.6000,  325.0000, -784.8000, -81.2000,  0, 0, 0
L 325.0000, -784.8000, -81.2000,  324.4000, -785.6000, -81.2000,  0, 0, 0
L 324.4000, -785.6000, -81.2000,  329.5000, -787.5000, -80.9000,  0, 0, 0
L 329.5000, -787.5000, -80.9000,  334.7000, -792.5000, -81.2000,  0, 0, 0
L 334.7000, -792.5000, -81.2000,  331.9000, -797.7000, -81.5000,  0, 0, 0
L 331.9000, -797.7000, -81.5000,  328.0000, -801.2000, -81.9000,  0, 0, 0
L 328.0000, -801.2000, -81.9000,  324.6000, -800.3000, -82.0000,  0, 0, 0
L 324.6000, -800.3000, -82.0000,  320.8000, -798.4000, -82.1000,  0, 0, 0
L 318.1000, -794.4000, -82.1000,  320.8000, -798.4000, -82.1000,  0, 0, 0
L 318.1000, -794.4000, -82.1000,  311.4000, -805.0000, -81.7000,  0, 0, 0
L 311.4000, -805.0000, -81.7000,  315.4000, -804.5000, -82.2000,  0, 0, 0
L 315.4000, -804.5000, -82.2000,  318.5000, -807.2000, -82.4000,  0, 0, 0
L 318.5000, -807.2000, -82.4000,  318.3000, -812.2000, -82.2000,  0, 0, 0
L 318.3000, -812.2000, -82.2000,  317.6000, -815.5000, -82.0000,  0, 0, 0
L 317.6000, -815.5000, -82.0000,  313.2000, -816.9000, -81.9000,  0, 0, 0
L 313.2000, -816.9000, -81.9000,  310.2000, -815.3000, -81.5000,  0, 0, 0
L 310.2000, -815.3000, -81.5000,  312.3000, -821.6000, -81.2000,  0, 0, 0
L 312.3000, -821.6000, -81.2000,  319.4000, -831.2000, -81.3000,  0, 0, 0
L 319.4000, -831.2000, -81.3000,  336.9000, -839.5000, -81.2000,  0, 0, 0
L 336.9000, -839.5000, -81.2000,  343.8000, -842.7000, -80.8000,  0, 0, 0
L 343.8000, -842.7000, -80.8000,  338.8000, -835.9000, -81.5000,  127, 64, 0
L 338.8000, -835.9000, -81.5000,  330.5000, -830.3000, -81.4000,  127, 64, 0
L 330.5000, -830.3000, -81.4000,  328.1000, -813.1000, -82.5000,  127, 64, 0
L 328.1000, -813.1000, -82.5000,  341.6000, -804.7000, -81.4000,  127, 64, 0
L 341.6000, -804.7000, -81.4000,  344.5000, -800.1000, -81.1000,  127, 64, 0
L 344.5000, -800.1000, -81.1000,  353.2000, -807.7000, -78.0000,  127, 64, 0
L 353.2000, -807.7000, -78.0000,  361.8000, -818.8000, -74.8000,  127, 64, 0
L 361.8000, -818.8000, -74.8000,  373.9000, -844.8000, -70.9000,  127, 64, 0
L 373.9000, -844.8000, -70.9000,  381.3000, -850.1000, -71.1000,  127, 64, 0
L 381.3000, -850.1000, -71.1000,  386.3000, -857.2000, -70.8000,  127, 64, 0
L 386.3000, -857.2000, -70.8000,  394.8000, -865.6000, -68.2000,  127, 64, 0
L 394.8000, -865.6000, -68.2000,  396.5000, -870.0000, -67.7000,  127, 64, 0
L 396.5000, -870.0000, -67.7000,  393.5000, -874.0000, -67.7000,  127, 64, 0
L 393.5000, -874.0000, -67.7000,  391.9000, -889.1000, -67.7000,  127, 64, 0
L 391.9000, -889.1000, -67.7000,  399.5000, -882.6000, -67.7000,  0, 0, 0
L 399.5000, -882.6000, -67.7000,  401.2000, -881.7000, -67.7000,  0, 0, 0
L 401.2000, -881.7000, -67.7000,  403.2000, -877.2000, -67.7000,  0, 0, 0
L 403.2000, -877.2000, -67.7000,  406.2000, -876.1000, -67.6000,  0, 0, 0
L 406.2000, -876.1000, -67.6000,  409.4000, -876.8000, -66.0000,  0, 0, 0
L 409.4000, -876.8000, -66.0000,  409.6000, -880.3000, -67.2000,  0, 0, 0
L 409.6000, -880.3000, -67.2000,  408.1000, -882.9000, -66.0000,  0, 0, 0
L 434.0000, -884.0000, -63.0000,  433.4000, -878.1000, -63.3000,  0, 0, 0
L 433.4000, -878.1000, -63.3000,  431.6000, -866.0000, -66.7000,  0, 0, 0
L 431.6000, -866.0000, -66.7000,  428.9000, -866.2000, -66.1000,  0, 0, 0
L 428.9000, -866.2000, -66.1000,  427.5000, -863.6000, -66.2000,  0, 0, 0
L 427.5000, -863.6000, -66.2000,  427.8000, -861.7000, -67.0000,  0, 0, 0
L 427.8000, -861.7000, -67.0000,  431.4000, -859.4000, -67.0000,  0, 0, 0
L 431.4000, -859.4000, -67.0000,  434.5000, -859.4000, -66.9000,  0, 0, 0
L 434.5000, -859.4000, -66.9000,  447.8000, -853.1000, -66.7000,  0, 0, 0
L 447.8000, -853.1000, -66.7000,  444.8000, -851.4000, -66.7000,  127, 64, 0
L 444.8000, -851.4000, -66.7000,  436.1000, -850.2000, -66.9000,  127, 64, 0
L 436.1000, -850.2000, -66.9000,  419.5000, -855.9000, -68.5000,  127, 64, 0
L 419.5000, -855.9000, -68.5000,  415.8000, -848.8000, -68.2000,  127, 64, 0
L 415.8000, -848.8000, -68.2000,  408.3000, -841.8000, -70.8000,  127, 64, 0
L 408.3000, -841.8000, -70.8000,  402.3000, -834.1000, -71.3000,  127, 64, 0
L 402.3000, -834.1000, -71.3000,  399.4000, -826.8000, -70.6000,  127, 64, 0
L 399.4000, -826.8000, -70.6000,  385.0000, -806.2000, -74.4000,  127, 64, 0
L 385.0000, -806.2000, -74.4000,  379.5000, -802.5000, -75.1000,  127, 64, 0
L 379.5000, -802.5000, -75.1000,  374.7000, -790.5000, -78.0000,  127, 64, 0
L 374.7000, -790.5000, -78.0000,  366.3000, -783.0000, -80.3000,  127, 64, 0
L 366.3000, -783.0000, -80.3000,  381.0000, -766.1000, -75.2000,  127, 64, 0
L 381.0000, -766.1000, -75.2000,  397.6000, -757.2000, -71.3000,  127, 64, 0
L 397.6000, -757.2000, -71.3000,  399.0000, -749.3000, -69.7000,  127, 64, 0
L 399.0000, -749.3000, -69.7000,  405.6000, -746.7000, -67.9000,  127, 64, 0
L 405.6000, -746.7000, -67.9000,  417.0000, -744.1000, -66.7000,  127, 64, 0
L 417.0000, -744.1000, -66.7000,  420.5000, -744.9000, -66.4000,  127, 64, 0
L 420.5000, -744.9000, -66.4000,  427.8000, -742.1000, -65.5000,  127, 64, 0
L 427.8000, -742.1000, -65.5000,  439.2000, -734.9000, -64.9000,  127, 64, 0
L 439.2000, -734.9000, -64.9000,  443.6000, -734.7000, -64.6000,  127, 64, 0
L 443.6000, -734.7000, -64.6000,  445.1000, -731.9000, -64.5000,  127, 64, 0
L 445.1000, -731.9000, -64.5000,  453.3000, -723.1000, -64.0000,  127, 64, 0
L 453.3000, -723.1000, -64.0000,  465.5000, -716.0000, -63.3000,  127, 64, 0
L 465.5000, -716.0000, -63.3000,  450.5000, -719.2000, -64.0000,  0, 0, 0
L 450.5000, -719.2000, -64.0000,  447.7000, -722.9000, -64.2000,  0, 0, 0
L 447.7000, -722.9000, -64.2000,  444.3000, -723.6000, -64.3000,  0, 0, 0
L 444.3000, -723.6000, -64.3000,  440.8000, -720.3000, -62.5000,  0, 0, 0
L 440.8000, -720.3000, -62.5000,  442.1000, -717.2000, -63.7000,  0, 0, 0
L 442.1000, -717.2000, -63.7000,  446.0000, -715.3000, -63.4000,  0, 0, 0
L 503.0000, -509.0000, -277.0000,  499.5000, -496.3000, -275.3000,  0, 255, 0
L 499.5000, -496.3000, -275.3000,  494.9000, -499.1000, -278.4000,  0, 255, 0
L 494.9000, -499.1000, -278.4000,  508.8000, -519.8000, -276.3000,  127, 64, 0
L 508.8000, -519.8000, -276.3000,  538.9000, -524.9000, -276.8000,  127, 64, 0
L 538.9000, -524.9000, -276.8000,  543.5000, -523.0000, -277.0000,  127, 64, 0
L 543.5000, -523.0000, -277.0000,  547.3000, -527.0000, -279.1000,  127, 64, 0
L 547.3000, -527.0000, -279.1000,  547.9000, -534.2000, -280.4000,  127, 64, 0
L 547.9000, -534.2000, -280.4000,  549.1000, -540.4000, -280.8000,  127, 64, 0
L 549.1000, -540.4000, -280.8000,  545.8000, -551.6000, -284.2000,  127, 64, 0
L 545.8000, -551.6000, -284.2000,  544.7000, -573.8000, -288.4000,  127, 64, 0
L 544.7000, -573.8000, -288.4000,  545.7000, -596.9000, -293.7000,  127, 64, 0
L 545.7000, -596.9000, -293.7000,  539.4000, -596.1000, -295.2000,  127, 64, 0
L 539.4000, -596.1000, -295.2000,  520.9000, -583.3000, -295.3000,  127, 64, 0
L 520.9000, -583.3000, -295.3000,  505.4000, -581.5000, -292.6000,  127, 64, 0
L 505.4000, -581.5000, -292.6000,  499.0000, -576.2000, -290.0000,  127, 64, 0
L 499.0000, -576.2000, -290.0000,  491.7000, -550.6000, -295.4000,  127, 64, 0
L 491.7000, -550.6000, -295.4000,  484.6000, -546.5000, -295.7000,  127, 64, 0
L 484.6000, -546.5000, -295.7000,  472.2000, -531.8000, -302.0000,  127, 64, 0
L 472.2000, -531.8000, -302.0000,  468.3000, -518.4000, -303.8000,  127, 64, 0
L 468.3000, -518.4000, -303.8000,  469.0000, -513.1000, -303.9000,  127, 64, 0
L 469.0000, -513.1000, -303.9000,  480.6000, -500.2000, -303.0000,  127, 64, 0
L 480.6000, -500.2000, -303.0000,  468.7000, -502.4000, -302.9000,  0, 255, 255
L 468.7000, -502.4000, -302.9000,  460.1000, -502.4000, -303.0000,  0, 255, 255
L 460.1000, -502.4000, -303.0000,  444.2000, -508.3000, -301.6000,  0, 255, 255
L 444.2000, -508.3000, -301.6000,  434.1000, -509.0000, -296.5000,  0, 255, 255
L 434.1000, -509.0000, -296.5000,  409.9000, -514.8000, -276.7000,  0, 255, 255
L 488.3000, -638.5000, -222.2000,  491.0000, -637.9000, -222.8000,  0, 255, 255
L 491.0000, -637.9000, -222.8000,  491.7000, -635.1000, -220.9000,  0, 255, 255
L 491.7000, -635.1000, -220.9000,  490.2000, -631.3000, -223.4000,  0, 255, 255
L 490.2000, -631.3000, -223.4000,  488.6000, -631.3000, -223.4000,  0, 255, 255
L 488.6000, -631.3000, -223.4000,  486.9000, -628.6000, -223.4000,  0, 255, 255
L 486.9000, -628.6000, -223.4000,  484.1000, -628.2000, -223.4000,  0, 255, 255
L 484.1000, -628.2000, -223.4000,  482.4000, -629.3000, -223.4000,  0, 255, 255
L 482.4000, -629.3000, -223.4000,  480.7000, -628.7000, -223.4000,  0, 255, 255
L 480.7000, -628.7000, -223.4000,  478.8000, -627.1000, -223.7000,  0, 255, 255
L 478.8000, -627.1000, -223.7000,  475.9000, -628.4000, -224.0000,  0, 255, 255
L 475.9000, -628.4000, -224.0000,  472.5000, -629.9000, -223.8000,  0, 255, 255
L 472.5000, -629.9000, -223.8000,  454.9000, -631.8000, -212.9000,  0, 255, 255
L 454.9000, -631.8000, -212.9000,  442.9000, -624.4000, -231.3000,  0, 255, 255
L 442.9000, -624.4000, -231.3000,  429.8000, -620.9000, -237.6000,  0, 255, 255
L 429.8000, -620.9000, -237.6000,  416.7000, -614.9000, -238.6000,  0, 255, 255
L 416.7000, -614.9000, -238.6000,  413.6000, -615.9000, -239.4000,  0, 255, 255
L 413.6000, -615.9000, -239.4000,  393.3000, -621.5000, -244.3000,  0, 255, 255
L 393.3000, -621.5000, -244.3000,  390.4000, -622.8000, -245.1000,  0, 255, 255
L 832.4000, -932.7000, -341.1000,  836.4000, -914.7000, -340.2000,  0, 255, 255
L 836.4000, -914.7000, -340.2000,  834.5000, -901.2000, -334.8000,  0, 255, 255
L 834.5000, -901.2000, -334.8000,  829.1000, -885.3000, -329.2000,  0, 255, 255
L 829.1000, -885.3000, -329.2000,  840.1000, -864.0000, -312.4000,  0, 255, 255
L 840.1000, -864.0000, -312.4000,  840.7000, -851.2000, -306.1000,  0, 255, 255
L 840.7000, -851.2000, -306.1000,  836.7000, -838.9000, -299.1000,  0, 255, 255
L 836.7000, -838.9000, -299.1000,  835.1000, -818.8000, -299.7000,  0, 255, 255
L 835.1000, -818.8000, -299.7000,  829.0000, -800.1000, -300.7000,  0, 255, 255
L 829.0000, -800.1000, -300.7000,  821.5000, -794.5000, -298.5000,  0, 255, 255
L 821.5000, -794.5000, -298.5000,  813.7000, -791.0000, -296.5000,  0, 255, 255
L 813.7000, -791.0000, -296.5000,  798.1000, -788.7000, -293.7000,  0, 255, 255
L 798.1000, -788.7000, -293.7000,  774.9000, -802.8000, -288.5000,  0, 255, 255
L 774.9000, -802.8000, -288.5000,  767.5000, -802.5000, -288.3000,  0, 255, 255
L 767.5000, -802.5000, -288.3000,  766.0000, -799.9000, -288.2000,  0, 255, 255
L 766.0000, -799.9000, -288.2000,  745.1000, -806.4000, -280.9000,  0, 255, 255
L 745.1000, -806.4000, -280.9000,  730.6000, -812.2000, -272.4000,  0, 255, 255
L 730.6000, -812.2000, -272.4000,  718.2000, -824.6000, -268.6000,  0, 255, 255
L 718.2000, -824.6000, -268.6000,  719.3000, -826.8000, -268.6000,  0, 255, 255
L 719.3000, -826.8000, -268.6000,  718.8000, -828.6000, -268.4000,  0, 255, 255
L 718.8000, -828.6000, -268.4000,  716.2000, -829.2000, -265.7000,  0, 255, 255
L 716.2000, -829.2000, -265.7000,  713.5000, -825.5000, -264.3000,  0, 255, 255
L 713.5000, -825.5000, -264.3000,  710.1000, -827.1000, -265.7000,  0, 255, 255
L 710.1000, -827.1000, -265.7000,  708.9000, -829.1000, -265.8000,  0, 255, 255
L 708.9000, -829.1000, -265.8000,  710.2000, -831.0000, -265.7000,  0, 255, 255
L 710.2000, -831.0000, -265.7000,  709.4000, -832.7000, -265.8000,  0, 255, 255
L 709.4000, -832.7000, -265.8000,  708.5000, -834.6000, -265.9000,  0, 255, 255
L 708.5000, -834.6000, -265.9000,  709.9000, -838.5000, -266.3000,  0, 255, 255
L 709.9000, -838.5000, -266.3000,  706.4000, -840.2000, -263.1000,  0, 255, 255
L 706.4000, -840.2000, -263.1000,  703.3000, -839.6000, -265.6000,  0, 255, 255
L 703.3000, -839.6000, -265.6000,  703.4000, -838.3000, -265.6000,  0, 255, 255
L 703.4000, -838.3000, -265.6000,  696.7000, -842.6000, -265.5000,  0, 255, 255
L 696.7000, -842.6000, -265.5000,  689.0000, -840.1000, -264.5000,  0, 255, 255
L 676.4000, -868.9000, -267.9000,  688.7000, -868.1000, -266.2000,  0, 255, 255
L 688.7000, -868.1000, -266.2000,  694.8000, -863.7000, -266.1000,  0, 255, 255
L 694.8000, -863.7000, -266.1000,  703.9000, -864.6000, -265.3000,  0, 255, 255
L 703.9000, -864.6000, -265.3000,  706.6000, -863.0000, -264.3000,  0, 255, 255
L 706.6000, -863.0000, -264.3000,  709.2000, -865.5000, -265.8000,  0, 255, 255
L 709.2000, -865.5000, -265.8000,  709.7000, -868.0000, -266.1000,  0, 255, 255
L 709.7000, -868.0000, -266.1000,  710.5000, -868.1000, -266.1000,  0, 255, 255
L 710.5000, -868.1000, -266.1000,  712.7000, -866.7000, -265.8000,  0, 255, 255
L 712.7000, -866.7000, -265.8000,  715.3000, -868.2000, -265.9000,  0, 255, 255
L 715.3000, -868.2000, -265.9000,  715.3000, -870.2000, -266.4000,  0, 255, 255
L 715.3000, -870.2000, -266.4000,  717.2000, -871.4000, -266.8000,  0, 255, 255
L 717.2000, -871.4000, -266.8000,  717.0000, -874.0000, -267.4000,  0, 255, 255
L 717.0000, -874.0000, -267.4000,  715.0000, -874.7000, -267.5000,  0, 255, 255
L 715.0000, -874.7000, -267.5000,  713.2000, -874.4000, -266.6000,  0, 255, 255
L 713.2000, -874.4000, -266.6000,  713.5000, -876.6000, -267.9000,  0, 255, 255
L 713.5000, -876.6000, -267.9000,  713.1000, -878.4000, -268.4000,  0, 255, 255
L 713.1000, -878.4000, -268.4000,  711.1000, -879.5000, -268.6000,  0, 255, 255
L 711.1000, -879.5000, -268.6000,  709.5000, -879.0000, -268.6000,  0, 255, 255
L 709.5000, -879.0000, -268.6000,  710.4000, -888.1000, -270.7000,  0, 255, 255
L 710.4000, -888.1000, -270.7000,  720.2000, -871.9000, -266.9000,  127, 64, 0
L 720.2000, -871.9000, -266.9000,  723.6000, -873.3000, -266.8000,  127, 64, 0
L 723.6000, -873.3000, -266.8000,  731.3000, -879.4000, -265.3000,  127, 64, 0
L 731.3000, -879.4000, -265.3000,  742.0000, -881.5000, -260.9000,  127, 64, 0
L 742.0000, -881.5000, -260.9000,  753.2000, -887.0000, -258.2000,  127, 64, 0
L 753.2000, -887.0000, -258.2000,  778.2000, -903.2000, -251.4000,  127, 64, 0
L 778.2000, -903.2000, -251.4000,  786.4000, -904.0000, -250.6000,  127, 64, 0
L 786.4000, -904.0000, -250.6000,  794.7000, -908.4000, -249.2000,  127, 64, 0
L 794.7000, -908.4000, -249.2000,  805.5000, -910.9000, -245.4000,  127, 64, 0
L 805.5000, -910.9000, -245.4000,  812.2000, -916.5000, -245.3000,  127, 64, 0
L 812.2000, -916.5000, -245.3000,  820.2000, -920.6000, -245.0000,  127, 64, 0
L 820.2000, -920.6000, -245.0000,  820.6000, -925.9000, -244.0000,  127, 64, 0
L 820.6000, -925.9000, -244.0000,  822.1000, -921.8000, -244.6000,  0, 0, 255
L 822.1000, -921.8000, -244.6000,  824.8000, -921.7000, -244.2000,  0, 0, 255
L 824.8000, -921.7000, -244.2000,  827.7000, -921.1000, -243.9000,  0, 0, 255
L 827.7000, -921.1000, -243.9000,  829.3000, -922.2000, -243.5000,  0, 0, 255
L 829.3000, -922.2000, -243.5000,  828.7000, -926.6000, -242.8000,  0, 0, 255
L 828.7000, -926.6000, -242.8000,  830.9000, -927.4000, -243.0000,  0, 0, 255
L 830.9000, -927.4000, -243.0000,  832.7000, -929.9000, -243.7000,  0, 0, 255
L 832.7000, -929.9000, -243.7000,  835.7000, -927.7000, -243.7000,  0, 0, 255
L 835.7000, -927.7000, -243.7000,  836.9000, -923.3000, -243.3000,  0, 0, 255
L 836.9000, -923.3000, -243.3000,  840.7000, -922.3000, -242.0000,  0, 0, 255
L 840.7000, -922.3000, -242.0000,  843.5000, -924.9000, -243.8000,  0, 0, 255
L 843.5000, -924.9000, -243.8000,  844.0000, -926.2000, -243.3000,  0, 0, 255
L 844.0000, -926.2000, -243.3000,  852.0000, -925.9000, -242.8000,  0, 0, 255
L 866.5000, -906.3000, -238.6000,  855.9000, -901.5000, -242.0000,  0, 0, 255
L 855.9000, -901.5000, -242.0000,  851.2000, -898.6000, -243.3000,  0, 0, 255
L 851.2000, -898.6000, -243.3000,  850.1000, -900.4000, -243.8000,  0, 0, 255
L 850.1000, -900.4000, -243.8000,  847.4000, -901.4000, -241.9000,  0, 0, 255
L 847.3000, -901.4000, -241.9000,  845.2000, -900.3000, -242.3000,  0, 0, 255
L 845.2000, -900.3000, -242.3000,  843.5000, -898.6000, -244.8000,  0, 0, 255
L 843.5000, -898.6000, -244.8000,  840.8000, -899.5000, -244.7000,  0, 0, 255
L 840.8000, -899.5000, -244.7000,  839.5000, -898.0000, -244.8000,  0, 0, 255
L 839.5000, -898.0000, -244.8000,  839.1000, -895.5000, -244.2000,  0, 0, 255
L 839.1000, -895.5000, -244.2000,  837.5000, -895.7000, -244.8000,  0, 0, 255
L 837.5000, -895.7000, -244.8000,  835.0000, -893.5000, -244.8000,  0, 0, 255
L 835.0000, -893.5000, -244.8000,  835.7000, -891.7000, -244.7000,  0, 0, 255
L 835.7000, -891.7000, -244.7000,  837.4000, -890.5000, -244.6000,  0, 0, 255
L 837.4000, -890.5000, -244.6000,  837.5000, -889.1000, -244.6000,  0, 0, 255
L 837.5000, -889.1000, -244.6000,  838.3000, -887.8000, -244.5000,  0, 0, 255
L 838.3000, -887.8000, -244.5000,  841.4000, -887.6000, -244.3000,  0, 0, 255
L 841.4000, -887.6000, -244.3000,  842.8000, -886.5000, -244.5000,  0, 0, 255
L 842.8000, -886.5000, -244.5000,  844.3000, -886.3000, -245.1000,  0, 0, 255
L 844.3000, -886.3000, -245.1000,  842.9000, -876.7000, -252.9000,  0, 0, 255
L 842.9000, -876.7000, -252.9000,  838.7000, -885.3000, -244.5000,  127, 64, 0
L 838.7000, -885.3000, -244.5000,  828.5000, -890.4000, -244.8000,  127, 64, 0
L 828.5000, -890.4000, -244.8000,  824.1000, -889.8000, -246.1000,  127, 64, 0
L 824.1000, -889.8000, -246.1000,  815.8000, -885.0000, -245.8000,  127, 64, 0
L 815.8000, -885.0000, -245.8000,  805.5000, -883.6000, -249.3000,  127, 64, 0
L 805.5000, -883.6000, -249.3000,  795.8000, -879.4000, -251.5000,  127, 64, 0
L 795.8000, -879.4000, -251.5000,  790.7000, -873.9000, -252.1000,  127, 64, 0
L 790.7000, -873.9000, -252.1000,  767.8000, -863.6000, -257.7000,  127, 64, 0
L 767.8000, -863.6000, -257.7000,  761.2000, -862.9000, -258.6000,  127, 64, 0
L 761.2000, -862.9000, -258.6000,  751.4000, -855.4000, -261.5000,  127, 64, 0
L 751.4000, -855.4000, -261.5000,  734.1000, -848.9000, -267.4000,  127, 64, 0
L 734.1000, -848.9000, -267.4000,  734.0000, -846.2000, -271.3000,  127, 64, 0
L 734.0000, -846.2000, -271.3000,  741.0000, -843.9000, -274.5000,  127, 64, 0
L 741.0000, -843.9000, -274.5000,  748.1000, -836.7000, -275.8000,  127, 64, 0
L 748.1000, -836.7000, -275.8000,  758.3000, -833.3000, -283.3000,  127, 64, 0
L 758.3000, -833.3000, -283.3000,  786.3000, -813.4000, -291.5000,  127, 64, 0
L 786.3000, -813.4000, -291.5000,  797.4000, -806.9000, -294.4000,  127, 64, 0
L 797.4000, -806.9000, -294.4000,  807.5000, -816.1000, -301.0000,  127, 64, 0
L 807.5000, -816.1000, -301.0000,  808.3000, -824.4000, -302.7000,  127, 64, 0
L 808.3000, -824.4000, -302.7000,  814.8000, -833.5000, -303.1000,  127, 64, 0
L 814.8000, -833.5000, -303.1000,  816.2000, -840.9000, -302.5000,  127, 64, 0
L 816.2000, -840.9000, -302.5000,  807.2000, -861.4000, -316.6000,  127, 64, 0
L 807.2000, -861.4000, -316.6000,  811.2000, -869.3000, -319.3000,  127, 64, 0
L 811.2000, -869.3000, -319.3000,  812.1000, -890.4000, -333.3000,  127, 64, 0
L 812.1000, -890.4000, -333.3000,  807.7000, -899.7000, -337.7000,  127, 64, 0
L 807.7000, -899.7000, -337.7000,  805.0000, -907.2000, -342.4000,  127, 64, 0
L 832.6000, -932.8000, -340.6000,  817.6000, -926.2000, -344.0000,  0, 255, 255
L 817.6000, -926.2000, -344.0000,  804.3000, -936.9000, -341.5000,  0, 255, 255
L 464.2000, -327.5000, -13.6000,  486.2000, -314.5000, -8.6000,  0, 0, 0
L 469.0000, -293.0000, -7.0000,  486.2000, -314.5000, -8.6000,  199, 21, 133
L 486.2000, -314.5000, -8.6000,  507.3000, -302.0000, -3.8000,  0, 0, 0
L 469.0000, -293.0000, -7.0000,  486.2000, -282.8000, -3.1000,  0, 0, 0
L 473.0000, -704.0000, -376.0000,  473.0000, -728.4000, -376.0000,  70, 130, 180
L 498.0000, -701.0000, -372.0000,  498.0000, -726.9000, -372.0000,  70, 130, 180
L 473.0000, -728.4000, -376.0000,  473.0000, -752.7000, -376.0000,  70, 130, 180
L 498.0000, -726.9000, -372.0000,  498.0000, -752.7000, -372.0000,  70, 130, 180
L 473.0000, -728.4000, -376.0000,  498.0000, -726.9000, -372.0000,  199, 21, 133
L 524.0000, -614.0000, -370.0000,  517.7000, -612.6000, -370.7000,  70, 130, 180
L 517.7000, -612.6000, -370.7000,  518.1000, -611.0000, -370.7000,  70, 130, 180
L 518.1000, -611.0000, -370.7000,  516.5000, -608.7000, -370.6000,  70, 130, 180
L 516.5000, -608.7000, -370.6000,  515.4000, -604.3000, -370.7000,  70, 130, 180
L 515.4000, -604.3000, -370.7000,  513.0000, -604.0000, -370.6000,  70, 130, 180
L 513.0000, -604.0000, -370.6000,  512.3000, -604.9000, -369.7000,  70, 130, 180
L 512.3000, -604.9000, -369.7000,  509.7000, -607.2000, -365.6000,  70, 130, 180
L 509.7000, -607.2000, -365.6000,  501.3000, -604.5000, -370.5000,  70, 130, 180
L 501.3000, -604.5000, -370.5000,  500.1000, -604.4000, -372.0000,  70, 130, 180
L 500.1000, -604.4000, -372.0000,  499.6000, -606.6000, -372.0000,  70, 130, 180
L 499.6000, -606.6000, -372.0000,  498.0000, -606.7000, -372.0000,  70, 130, 180
L 498.0000, -606.7000, -372.0000,  497.7000, -610.0000, -372.0000,  70, 130, 180
L 497.7000, -610.0000, -372.0000,  497.0000, -610.0000, -372.0000,  70, 130, 180
L 373.0000, -863.5000, -275.0000,  367.9000, -860.2000, -271.6000,  0, 255, 0
L 367.9000, -860.2000, -271.6000,  361.7000, -856.3000, -275.2000,  0, 255, 0
L 361.7000, -856.3000, -275.2000,  350.7000, -841.3000, -277.0000,  0, 255, 0
L 350.7000, -841.3000, -277.0000,  322.3000, -820.9000, -272.8000,  0, 255, 0
L 322.3000, -820.9000, -272.8000,  337.3000, -810.6000, -268.2000,  0, 255, 0
L 337.3000, -810.6000, -268.2000,  349.4000, -798.5000, -263.6000,  0, 255, 0
L 349.4000, -798.5000, -263.6000,  362.2000, -780.4000, -263.2000,  0, 255, 0
L 362.2000, -780.4000, -263.2000,  363.2000, -777.4000, -262.9000,  0, 255, 0
L 363.2000, -777.4000, -262.9000,  365.2000, -777.0000, -263.3000,  0, 255, 0
L 365.2000, -777.0000, -263.3000,  367.8000, -775.0000, -263.1000,  0, 255, 0
L 367.8000, -775.0000, -263.1000,  368.6000, -772.9000, -262.6000,  0, 255, 0
L 368.6000, -772.9000, -262.6000,  378.9000, -768.8000, -262.2000,  0, 255, 0
L 378.9000, -768.8000, -262.2000,  379.9000, -771.3000, -263.1000,  0, 255, 0
L 379.9000, -771.3000, -263.1000,  382.3000, -772.0000, -263.6000,  0, 255, 0
L 382.3000, -772.0000, -263.6000,  383.7000, -773.3000, -264.2000,  0, 255, 0
L 383.7000, -773.3000, -264.2000,  384.9000, -774.8000, -264.8000,  0, 255, 0
L 384.9000, -774.8000, -264.8000,  386.8000, -775.5000, -265.2000,  0, 255, 0
L 386.8000, -775.5000, -265.2000,  388.0000, -775.1000, -265.4000,  0, 255, 0
L 388.0000, -775.1000, -265.4000,  389.4000, -773.7000, -265.2000,  0, 255, 0
L 389.4000, -773.7000, -265.2000,  389.2000, -772.3000, -264.8000,  0, 255, 0
L 389.2000, -772.3000, -264.8000,  388.3000, -770.5000, -264.1000,  0, 255, 0
L 388.3000, -770.5000, -264.1000,  390.8000, -770.0000, -264.4000,  0, 255, 0
L 390.8000, -770.0000, -264.4000,  394.0000, -767.4000, -264.3000,  0, 255, 0
L 394.0000, -767.4000, -264.3000,  407.1000, -753.2000, -266.2000,  0, 255, 0
L 407.1000, -753.2000, -266.2000,  410.6000, -754.1000, -266.7000,  0, 255, 0
L 410.6000, -754.1000, -266.7000,  412.8000, -752.8000, -267.1000,  0, 255, 0
L 412.8000, -752.8000, -267.1000,  413.9000, -750.9000, -267.5000,  0, 255, 0
L 413.9000, -750.9000, -267.5000,  414.4000, -748.0000, -267.9000,  0, 255, 0
L 414.4000, -748.0000, -267.9000,  413.6000, -745.5000, -268.1000,  0, 255, 0
L 413.6000, -745.5000, -268.1000,  418.3000, -740.8000, -268.0000,  0, 255, 0
L 418.3000, -740.8000, -268.0000,  422.4000, -740.3000, -267.9000,  0, 255, 0
L 422.4000, -740.3000, -267.9000,  423.6000, -741.1000, -267.8000,  0, 255, 0
L 423.6000, -741.1000, -267.8000,  426.9000, -741.5000, -267.3000,  0, 255, 0
L 426.9000, -741.5000, -267.3000,  428.4000, -740.9000, -267.2000,  0, 255, 0
L 428.4000, -740.9000, -267.2000,  429.7000, -739.9000, -267.2000,  0, 255, 0
L 429.7000, -739.9000, -267.2000,  430.8000, -737.1000, -267.3000,  0, 255, 0
L 430.8000, -737.1000, -267.3000,  435.5000, -735.2000, -267.0000,  0, 255, 0
L 435.5000, -735.2000, -267.0000,  436.6000, -727.5000, -267.7000,  0, 255, 0
L 436.6000, -727.5000, -267.7000,  438.9000, -726.9000, -267.7000,  0, 255, 0
L 438.9000, -726.9000, -267.7000,  436.4000, -736.5000, -266.8000,  0, 255, 0
L 436.4000, -736.5000, -266.8000,  439.1000, -747.8000, -265.7000,  0, 255, 0
L 439.1000, -747.8000, -265.7000,  440.9000, -751.9000, -265.7000,  0, 255, 0
L 440.9000, -751.9000, -265.7000,  439.7000, -763.3000, -267.4000,  0, 255, 0
L 439.7000, -763.3000, -267.4000,  446.5000, -774.1000, -268.4000,  0, 255, 0
L 446.5000, -774.1000, -268.4000,  450.1000, -784.2000, -269.2000,  0, 255, 0
L 450.1000, -784.2000, -269.2000,  456.4000, -786.3000, -269.6000,  0, 255, 0
L 456.4000, -786.3000, -269.6000,  462.5000, -787.0000, -268.9000,  0, 255, 0
L 462.5000, -787.0000, -268.9000,  482.7000, -792.6000, -264.5000,  0, 255, 0
L 482.7000, -792.6000, -264.5000,  474.2000, -802.9000, -263.1000,  0, 255, 0
L 474.2000, -802.9000, -263.1000,  468.5000, -804.4000, -264.5000,  0, 255, 0
L 468.5000, -804.4000, -264.5000,  463.6000, -805.8000, -263.9000,  0, 255, 0
L 463.6000, -805.8000, -263.9000,  459.0000, -804.3000, -266.7000,  0, 255, 0
L 459.0000, -804.3000, -266.7000,  457.0000, -802.1000, -268.3000,  0, 255, 0
L 457.0000, -802.1000, -268.3000,  448.1000, -804.2000, -268.1000,  0, 255, 0
L 448.1000, -804.2000, -268.1000,  445.6000, -802.8000, -269.1000,  0, 255, 0
L 445.6000, -802.8000, -269.1000,  446.1000, -799.7000, -268.9000,  0, 255, 0
L 446.1000, -799.7000, -268.9000,  442.9000, -798.9000, -269.2000,  0, 255, 0
L 442.9000, -798.9000, -269.2000,  440.9000, -799.9000, -269.3000,  0, 255, 0
L 440.9000, -799.9000, -269.3000,  440.6000, -802.5000, -269.4000,  0, 255, 0
L 440.6000, -802.5000, -269.4000,  441.9000, -803.3000, -269.4000,  0, 255, 0
L 441.9000, -803.3000, -269.4000,  441.4000, -805.6000, -269.1000,  0, 255, 0
L 441.4000, -805.6000, -269.1000,  441.0000, -807.6000, -269.5000,  0, 255, 0
L 441.0000, -807.6000, -269.5000,  442.3000, -808.2000, -268.8000,  0, 255, 0
L 442.3000, -808.2000, -268.8000,  439.0000, -811.6000, -269.7000,  0, 255, 0
L 439.0000, -811.6000, -269.7000,  434.9000, -810.6000, -269.6000,  0, 255, 0
L 434.9000, -810.6000, -269.6000,  434.2000, -807.5000, -269.4000,  0, 255, 0
L 434.2000, -807.5000, -269.4000,  431.5000, -807.0000, -269.3000,  0, 255, 0
L 431.5000, -807.0000, -269.3000,  430.8000, -810.0000, -267.9000,  0, 255, 0
L 430.8000, -810.0000, -267.9000,  428.7000, -809.5000, -269.4000,  0, 255, 0
L 428.7000, -809.5000, -269.4000,  426.3000, -812.7000, -269.3000,  0, 255, 0
L 426.3000, -812.7000, -269.3000,  428.6000, -814.6000, -269.3000,  0, 255, 0
L 428.6000, -814.6000, -269.3000,  428.3000, -817.5000, -269.6000,  0, 255, 0
L 428.3000, -817.5000, -269.6000,  430.1000, -818.9000, -269.9000,  0, 255, 0
L 430.1000, -818.9000, -269.9000,  432.5000, -817.8000, -268.5000,  0, 255, 0
L 432.5000, -817.8000, -268.5000,  432.5000, -819.4000, -269.9000,  0, 255, 0
L 432.5000, -819.4000, -269.9000,  429.2000, -822.2000, -270.1000,  0, 255, 0
L 429.2000, -822.2000, -270.1000,  421.9000, -826.4000, -269.4000,  0, 255, 0
L 421.9000, -826.4000, -269.4000,  418.6000, -831.6000, -269.4000,  0, 255, 0
L 418.6000, -831.6000, -269.4000,  415.5000, -831.2000, -270.0000,  0, 255, 0
L 415.5000, -831.2000, -270.0000,  413.7000, -832.6000, -270.1000,  0, 255, 0
L 413.7000, -832.6000, -270.1000,  413.3000, -834.4000, -270.0000,  0, 255, 0
L 413.3000, -834.4000, -270.0000,  411.6000, -834.8000, -270.2000,  0, 255, 0
L 411.6000, -834.8000, -270.2000,  410.6000, -836.4000, -270.3000,  0, 255, 0
L 410.6000, -836.4000, -270.3000,  408.4000, -835.8000, -270.3000,  0, 255, 0
L 408.4000, -835.8000, -270.3000,  406.9000, -836.6000, -270.5000,  0, 255, 0
L 406.9000, -836.6000, -270.5000,  406.8000, -839.8000, -270.6000,  0, 255, 0
L 406.8000, -839.8000, -270.6000,  405.9000, -840.0000, -270.7000,  0, 255, 0
L 405.9000, -840.0000, -270.7000,  404.9000, -842.5000, -270.8000,  0, 255, 0
L 404.9000, -842.5000, -270.8000,  409.6000, -843.8000, -269.2000,  0, 255, 0
L 409.6000, -843.8000, -269.2000,  409.5000, -845.4000, -270.8000,  0, 255, 0
L 833.2000, -815.2000, -348.0000,  840.0000, -839.2000, -337.2000,  0, 127, 0
L 840.0000, -839.2000, -337.2000,  840.7000, -857.9000, -338.8000,  0, 127, 0
L 840.7000, -857.9000, -338.8000,  837.6000, -857.9000, -341.1000,  0, 127, 0
L 837.6000, -857.9000, -341.1000,  835.0000, -860.5000, -341.7000,  0, 127, 0
L 835.0000, -860.5000, -341.7000,  833.8000, -863.7000, -342.4000,  0, 127, 0
L 833.8000, -863.7000, -342.4000,  838.0000, -868.2000, -341.4000,  0, 127, 0
L 866.5000, -906.3000, -238.6000,  884.4000, -909.7000, -234.2000,  0, 0, 255
L 884.4000, -909.7000, -234.2000,  898.0000, -918.2000, -226.1000,  0, 0, 255
L 898.0000, -918.2000, -226.1000,  906.4000, -923.5000, -222.8000,  0, 0, 255
L 906.4000, -923.5000, -222.8000,  915.5000, -929.6000, -216.6000,  0, 0, 255
L 915.5000, -929.6000, -216.6000,  923.7000, -930.9000, -211.0000,  0, 0, 255
L 923.7000, -930.9000, -211.0000,  935.2000, -936.0000, -203.7000,  0, 0, 255
L 935.2000, -936.0000, -203.7000,  952.3000, -939.6000, -197.4000,  0, 0, 255
L 952.3000, -939.6000, -197.4000,  962.8000, -938.0000, -195.8000,  0, 0, 255
L 962.8000, -938.0000, -195.8000,  978.1000, -940.2000, -195.9000,  0, 0, 255
L 978.1000, -940.2000, -195.9000,  992.2000, -937.3000, -196.6000,  0, 0, 255
L 992.2000, -937.3000, -196.6000,  999.2000, -932.9000, -195.0000,  0, 0, 255
L 999.2000, -932.9000, -195.0000,  1001.8000, -935.2000, -195.1000,  0, 0, 255
L 1001.8000, -935.2000, -195.1000,  1003.8000, -935.2000, -195.7000,  0, 0, 255
L 1003.8000, -935.2000, -195.7000,  1006.3000, -934.0000, -196.4000,  0, 0, 255
L 1006.3000, -934.0000, -196.4000,  1008.7000, -931.4000, -195.7000,  0, 0, 255
L 1008.7000, -931.4000, -195.7000,  1005.1000, -924.1000, -194.9000,  0, 0, 255
L 1005.1000, -924.1000, -194.9000,  1010.7000, -916.7000, -194.9000,  0, 0, 255
L 1010.7000, -916.7000, -194.9000,  1015.1000, -914.9000, -194.9000,  0, 0, 255
L 1015.1000, -914.9000, -194.9000,  1024.8998, -912.4000, -194.6000,  0, 0, 255
L 1024.8998, -912.4000, -194.6000,  1028.8998, -912.1000, -194.5000,  0, 0, 255
L 1028.8998, -912.1000, -194.5000,  1034.7997, -913.8000, -194.4000,  0, 0, 255
L 1034.7997, -913.8000, -194.4000,  1045.3998, -914.3000, -185.6000,  0, 0, 255
L 1045.3998, -914.3000, -185.6000,  1052.5000, -915.4000, -192.7000,  0, 0, 255
L 1052.5000, -915.4000, -192.7000,  1055.0000, -914.0000, -192.4000,  0, 0, 255
L 1055.0000, -914.0000, -192.4000,  1076.5000, -913.0000, -195.1000,  0, 0, 255
L 1076.5000, -913.0000, -195.1000,  1085.2000, -915.4000, -196.2000,  0, 0, 255
L 1085.2000, -915.4000, -196.2000,  1098.8998, -918.5000, -185.0000,  0, 0, 255
L 1098.8998, -918.5000, -185.0000,  1105.1000, -927.2000, -188.9000,  0, 0, 255
L 1105.1000, -927.2000, -188.9000,  1108.8998, -947.1000, -182.0000,  0, 0, 255
L 1108.8998, -947.1000, -182.0000,  1116.6000, -960.0000, -179.7000,  0, 0, 255
L 1116.6000, -960.0000, -179.7000,  1119.2000, -969.1000, -178.9000,  0, 0, 255
L 1119.2000, -969.1000, -178.9000,  1118.7000, -977.3000, -179.4000,  0, 0, 255
L 1118.7000, -977.3000, -179.4000,  1121.7997, -982.2000, -170.4000,  0, 0, 255
L 1121.7997, -982.2000, -170.4000,  1110.5000, -992.7000, -180.8000,  0, 0, 255
L 1110.5000, -992.7000, -180.8000,  1107.2000, -1000.1000, -180.8000,  0, 0, 255
L 1107.2000, -1000.1000, -180.8000,  1104.7997, -1015.2000, -176.6000,  0, 0, 255
L 1105.2997, -1014.1000, -177.2000,  1096.8998, -1021.8000, -180.8000,  0, 0, 255
L 1096.8998, -1021.8000, -180.8000,  1090.3998, -1026.2000, -180.4000,  0, 0, 255
L 1090.3998, -1026.2000, -180.4000,  1083.6000, -1027.7997, -179.2000,  0, 0, 255
L 1083.6000, -1027.7997, -179.2000,  1081.8998, -1023.1000, -179.5000,  0, 0, 255
L 1081.8998, -1023.1000, -179.5000,  1076.8998, -1022.9000, -180.6000,  0, 0, 255
L 1076.8998, -1022.9000, -180.6000,  1073.6000, -1026.7000, -178.4000,  0, 0, 255
L 1073.6000, -1026.7000, -178.4000,  1067.2000, -1024.7997, -177.8000,  0, 0, 255
L 1067.2000, -1024.7997, -177.8000,  1061.6000, -1024.5000, -176.6000,  0, 0, 255
L 1061.6000, -1024.5000, -176.6000,  1055.3998, -1022.0000, -178.3000,  0, 0, 255
L 1055.3998, -1022.0000, -178.3000,  1050.5000, -1019.5000, -178.3000,  0, 0, 255
L 1050.5000, -1019.5000, -178.3000,  1041.1000, -1019.5000, -175.1000,  0, 0, 255
L 1041.1000, -1019.5000, -175.1000,  1027.2000, -1023.1000, -175.4000,  0, 0, 255
L 1027.2000, -1023.1000, -175.4000,  1022.1000, -1020.1000, -179.9000,  0, 0, 255
L 1022.1000, -1020.1000, -179.9000,  1014.4000, -1021.7000, -179.1000,  0, 0, 255
L 1014.4000, -1021.7000, -179.1000,  1012.7000, -1022.8000, -179.0000,  0, 0, 255
L 1012.7000, -1022.8000, -179.0000,  1011.7000, -1024.2997, -179.9000,  0, 0, 255
L 1011.7000, -1024.2997, -179.9000,  1004.3000, -1028.8998, -180.4000,  0, 0, 255
L 1004.3000, -1028.8998, -180.4000,  1002.8000, -1034.1000, -180.3000,  0, 0, 255
L 1002.8000, -1034.1000, -180.3000,  989.1000, -1052.8998, -180.7000,  0, 0, 255
L 989.1000, -1052.8998, -180.7000,  984.4000, -1054.8998, -179.7000,  0, 0, 255
L 984.4000, -1054.8998, -179.7000,  980.2000, -1060.5000, -177.7000,  0, 0, 255
L 980.2000, -1060.5000, -177.7000,  972.9000, -1068.6000, -173.1000,  0, 0, 255
L 972.9000, -1068.6000, -173.1000,  949.5000, -1069.7997, -163.1000,  0, 0, 255
L 949.5000, -1069.7997, -163.1000,  938.9000, -1076.7000, -150.4000,  0, 0, 255
L 938.9000, -1076.7000, -150.4000,  931.0000, -1077.5000, -152.4000,  0, 0, 255
L 931.0000, -1077.5000, -152.4000,  926.8000, -1076.1000, -150.3000,  0, 0, 255
L 926.8000, -1076.1000, -150.3000,  916.0000, -1073.1000, -144.9000,  0, 0, 255
L 895.7000, -1081.1000, -132.4000,  889.1000, -1079.8998, -129.4000,  0, 0, 255
L 889.1000, -1079.8998, -129.4000,  885.2000, -1081.2000, -126.4000,  0, 0, 255
L 885.2000, -1081.2000, -126.4000,  878.4000, -1082.0000, -122.3000,  0, 0, 255
L 878.4000, -1082.0000, -122.3000,  859.5000, -1081.2000, -117.0000,  0, 0, 255
L 859.5000, -1081.2000, -117.0000,  853.1000, -1086.7000, -115.1000,  0, 0, 255
L 853.1000, -1086.7000, -115.1000,  850.9000, -1089.8998, -114.1000,  0, 0, 255
L 850.9000, -1089.8998, -114.1000,  846.3000, -1088.6000, -113.8000,  0, 0, 255
L 846.3000, -1088.6000, -113.8000,  839.5000, -1087.3998, -112.8000,  0, 0, 255
L 839.5000, -1087.3998, -112.8000,  825.7000, -1099.5000, -110.8000,  0, 0, 255
L 825.7000, -1099.5000, -110.8000,  820.8000, -1099.5000, -110.8000,  0, 0, 255
L 820.8000, -1099.5000, -110.8000,  808.6000, -1106.5000, -109.8000,  0, 0, 255
L 808.6000, -1106.5000, -109.8000,  793.5000, -1104.3998, -115.2000,  0, 0, 255
L 793.5000, -1104.3998, -115.2000,  788.6000, -1101.8998, -116.5000,  0, 0, 255
L 788.6000, -1101.8998, -116.5000,  779.8000, -1106.6000, -117.0000,  0, 0, 255
L 779.8000, -1106.6000, -117.0000,  781.0000, -1103.2997, -118.8000,  0, 0, 255
L 781.0000, -1103.2997, -118.8000,  777.5000, -1102.8998, -120.2000,  0, 0, 255
L 777.5000, -1102.8998, -120.2000,  774.0000, -1092.2997, -120.3000,  0, 0, 255
L 774.0000, -1092.2997, -120.3000,  771.5000, -1082.7997, -117.8000,  0, 0, 255
L 771.5000, -1082.7997, -117.8000,  772.3000, -1079.0000, -117.4000,  0, 0, 255
L 772.3000, -1079.0000, -117.4000,  773.3000, -1079.1000, -118.1000,  0, 0, 255
L 773.3000, -1079.1000, -118.1000,  784.5000, -1081.5000, -114.7000,  0, 0, 255
L 784.5000, -1081.5000, -114.7000,  795.1000, -1081.2997, -112.4000,  0, 0, 255
L 795.1000, -1081.2997, -112.4000,  812.5000, -1073.2000, -108.3000,  0, 0, 255
L 812.5000, -1073.2000, -108.3000,  827.9000, -1069.6000, -105.2000,  0, 0, 255
L 827.9000, -1069.6000, -105.2000,  837.0000, -1066.3998, -110.1000,  0, 0, 255
L 837.0000, -1066.3998, -110.1000,  842.4000, -1062.1000, -110.4000,  0, 0, 255
L 842.4000, -1062.1000, -110.4000,  845.9000, -1060.5000, -110.9000,  0, 0, 255
L 845.9000, -1060.5000, -110.9000,  847.0000, -1059.7000, -111.0000,  0, 0, 255
L 847.0000, -1059.7000, -111.0000,  863.8000, -1056.2000, -114.9000,  0, 0, 255
L 863.8000, -1056.2000, -114.9000,  896.1000, -1051.1000, -131.0000,  0, 0, 255
L 915.8000, -1073.2000, -144.7000,  895.7000, -1081.1000, -132.4000,  0, 0, 255
L 851.7000, -925.4000, -243.0000,  866.9000, -937.2000, -239.2000,  0, 0, 255
L 866.9000, -937.2000, -239.2000,  872.6000, -937.0000, -239.2000,  0, 0, 255
L 872.6000, -937.0000, -239.2000,  878.6000, -940.1000, -237.6000,  0, 0, 255
L 878.6000, -940.1000, -237.6000,  894.1000, -947.4000, -228.2000,  0, 0, 255
L 894.1000, -947.4000, -228.2000,  902.1000, -948.3000, -223.7000,  0, 0, 255
L 902.1000, -948.3000, -223.7000,  914.0000, -957.0000, -214.6000,  0, 0, 255
L 914.0000, -957.0000, -214.6000,  933.9000, -960.7000, -203.4000,  0, 0, 255
L 933.9000, -960.7000, -203.4000,  943.3000, -966.8000, -199.5000,  0, 0, 255
L 943.3000, -966.8000, -199.5000,  943.3000, -964.4000, -200.4000,  0, 0, 255
L 943.3000, -964.4000, -200.4000,  946.5000, -963.7000, -200.4000,  0, 0, 255
L 946.5000, -963.7000, -200.4000,  947.0000, -964.0000, -200.3000,  0, 0, 255
L 947.0000, -964.0000, -200.3000,  947.7000, -966.0000, -199.3000,  0, 0, 255
L 947.7000, -966.0000, -199.3000,  950.1000, -966.5000, -198.9000,  0, 0, 255
L 950.1000, -966.5000, -198.9000,  954.2000, -968.3000, -197.9000,  0, 0, 255
L 954.2000, -968.3000, -197.9000,  954.0000, -970.8000, -197.2000,  0, 0, 255
L 954.0000, -970.8000, -197.2000,  948.7000, -971.5000, -195.3000,  0, 0, 255
L 948.7000, -971.5000, -195.3000,  952.7000, -973.0000, -196.6000,  0, 0, 255
L 952.7000, -973.0000, -196.6000,  959.9000, -971.0000, -197.6000,  0, 0, 255
L 959.9000, -971.0000, -197.6000,  965.9000, -969.2000, -198.5000,  0, 0, 255
L 965.9000, -969.2000, -198.5000,  966.8000, -970.0000, -198.6000,  0, 0, 255
L 966.8000, -970.0000, -198.6000,  984.4000, -963.4000, -196.8000,  0, 0, 255
L 984.4000, -963.4000, -196.8000,  989.9000, -958.3000, -197.2000,  0, 0, 255
L 989.9000, -958.3000, -197.2000,  999.5000, -958.9000, -196.5000,  0, 0, 255
L 999.5000, -958.9000, -196.5000,  1000.9000, -957.9000, -195.0000,  0, 0, 255
L 1000.9000, -957.9000, -195.0000,  1002.9000, -957.4000, -195.2000,  0, 0, 255
L 1002.9000, -957.4000, -195.2000,  1004.6000, -958.6000, -196.9000,  0, 0, 255
L 1004.6000, -958.6000, -196.9000,  1005.0000, -959.7000, -196.8000,  0, 0, 255
L 1005.0000, -959.7000, -196.8000,  1007.4000, -962.6000, -195.2000,  0, 0, 255
L 1007.4000, -962.6000, -195.2000,  1012.5000, -965.7000, -194.5000,  0, 0, 255
L 1012.5000, -965.7000, -194.5000,  1009.0000, -970.8000, -193.2000,  0, 0, 255
L 1009.0000, -970.8000, -193.2000,  1011.8000, -973.2000, -193.1000,  0, 0, 255
L 1011.8000, -973.2000, -193.1000,  1016.0000, -983.2000, -187.6000,  0, 0, 255
L 1016.0000, -983.2000, -187.6000,  1015.0000, -987.7000, -184.4000,  0, 0, 255
L 1015.0000, -987.7000, -184.4000,  1012.0000, -993.0000, -181.0000,  0, 0, 255
L 1012.0000, -993.0000, -181.0000,  1005.6000, -998.2000, -177.5000,  0, 0, 255
L 1005.6000, -998.2000, -177.5000,  1002.5000, -1000.3000, -179.2000,  0, 0, 255
L 1002.5000, -1000.3000, -179.2000,  1000.4000, -1002.6000, -180.0000,  0, 0, 255
L 1000.4000, -1002.6000, -180.0000,  999.1000, -1002.0000, -180.3000,  0, 0, 255
L 999.1000, -1002.0000, -180.3000,  993.8000, -1012.5000, -180.1000,  0, 0, 255
L 993.8000, -1012.5000, -180.1000,  992.2000, -1012.0000, -179.7000,  0, 0, 255
L 992.2000, -1012.0000, -179.7000,  985.9000, -1019.1000, -177.4000,  0, 0, 255
L 985.9000, -1019.1000, -177.4000,  969.6000, -1027.3998, -174.3000,  0, 0, 255
L 969.6000, -1027.3998, -174.3000,  955.4000, -1042.6000, -167.0000,  0, 0, 255
L 955.4000, -1042.6000, -167.0000,  946.3000, -1046.2997, -161.4000,  0, 0, 255
L 946.3000, -1046.2997, -161.4000,  936.9000, -1048.3998, -157.3000,  0, 0, 255
L 936.9000, -1048.3998, -157.3000,  929.4000, -1048.6000, -153.6000,  0, 0, 255
L 929.4000, -1048.6000, -153.6000,  921.0000, -1050.3998, -149.2000,  0, 0, 255
L 921.0000, -1050.3998, -149.2000,  911.0000, -1053.7000, -144.0000,  0, 0, 255
L 911.0000, -1053.7000, -144.0000,  896.1000, -1051.1000, -131.0000,  0, 0, 255
L 676.1000, -868.7000, -267.9000,  674.7000, -866.3000, -267.8000,  0, 255, 255
L 674.7000, -866.3000, -267.8000,  669.4000, -866.9000, -266.9000,  0, 255, 255
L 669.4000, -866.9000, -266.9000,  662.5000, -867.9000, -264.7000,  0, 255, 255
L 662.5000, -867.9000, -264.7000,  656.8000, -857.7000, -264.0000,  0, 255, 255
L 656.8000, -857.7000, -264.0000,  653.5000, -850.4000, -263.1000,  0, 255, 255
L 653.5000, -850.4000, -263.1000,  641.8000, -847.5000, -261.9000,  0, 255, 255
L 641.8000, -847.5000, -261.9000,  636.5000, -847.1000, -261.2000,  0, 255, 255
L 636.5000, -847.1000, -261.2000,  629.2000, -832.0000, -259.6000,  0, 255, 255
L 629.2000, -832.0000, -259.6000,  606.8000, -817.7000, -258.2000,  0, 255, 255
L 606.8000, -817.7000, -258.2000,  604.1000, -809.2000, -257.2000,  0, 255, 255
L 604.1000, -809.2000, -257.2000,  599.1000, -801.1000, -254.6000,  0, 255, 255
L 599.1000, -801.1000, -254.6000,  599.9000, -786.3000, -258.2000,  0, 255, 255
L 599.9000, -786.3000, -258.2000,  602.7000, -775.3000, -259.4000,  0, 255, 255
L 602.7000, -775.3000, -259.4000,  600.1000, -765.4000, -259.3000,  0, 255, 255
L 600.1000, -765.4000, -259.3000,  603.3000, -763.5000, -260.3000,  0, 255, 255
L 603.3000, -763.5000, -260.3000,  615.0000, -764.4000, -260.6000,  0, 255, 255
L 615.0000, -764.4000, -260.6000,  628.2000, -766.9000, -258.9000,  0, 255, 255
L 628.2000, -766.9000, -258.9000,  627.6000, -768.7000, -258.6000,  0, 255, 255
L 627.6000, -768.7000, -258.6000,  626.7000, -774.7000, -257.6000,  0, 255, 255
L 626.7000, -774.7000, -257.6000,  627.2000, -781.9000, -256.3000,  0, 255, 255
L 627.2000, -781.9000, -256.3000,  632.1000, -796.8000, -255.3000,  0, 255, 255
L 632.1000, -796.8000, -255.3000,  639.1000, -809.4000, -256.8000,  0, 255, 255
L 639.1000, -809.4000, -256.8000,  644.9000, -818.3000, -259.3000,  0, 255, 255
L 644.9000, -818.3000, -259.3000,  654.7000, -823.6000, -259.8000,  0, 255, 255
L 654.7000, -823.6000, -259.8000,  671.3000, -831.9000, -261.6000,  0, 255, 255
L 671.3000, -831.9000, -261.6000,  682.2000, -833.2000, -264.3000,  0, 255, 255
L 682.2000, -833.2000, -264.3000,  689.6000, -840.7000, -264.5000,  0, 255, 255
L 578.0000, -511.0000, -369.0000,  568.0000, -520.0000, -368.0000,  70, 130, 180
L 483.0000, -492.0000, -69.0000,  469.2000, -492.0000, -69.0000,  0, 0, 255
L 465.9000, -495.5000, -69.0000,  469.2000, -492.0000, -69.0000,  0, 0, 255
L 534.0000, -515.0000, -69.0000,  465.9000, -495.5000, -69.0000,  139, 69, 19
L 838.0000, -868.2000, -341.4000,  829.1000, -885.3000, -329.2000,  0, 127, 0
L 729.0000, -368.0000, -417.0000,  705.0000, -325.6000, -417.0000,  0, 127, 0
L 729.0000, -368.0000, -417.0000,  747.1000, -343.4000, -419.3000,  199, 21, 133
L 747.1000, -343.4000, -419.3000,  723.1000, -300.9000, -419.3000,  0, 127, 0
