L 1000.0000, 0.0000, 0.0000,  1000.0000, -50.0000, 0.0000,  255, 0, 0
L -20.0000, 50.0000, 0.0000,  -50.0000, 20.0000, 0.0000,  255, 0, 0
L 50.0000, 20.0000, 0.0000,  20.0000, 50.0000, 0.0000,  255, 0, 0
L 20.0000, -50.0000, 0.0000,  50.0000, -20.0000, 0.0000,  255, 0, 0
L -50.0000, -20.0000, 0.0000,  -20.0000, -50.0000, 0.0000,  255, 0, 0
L -50.0000, 20.0000, 0.0000,  -50.0000, -20.0000, 0.0000,  255, 0, 0
L 20.0000, 50.0000, 0.0000,  -20.0000, 50.0000, 0.0000,  255, 0, 0
L 50.0000, -20.0000, 0.0000,  50.0000, 20.0000, 0.0000,  255, 0, 0
L -20.0000, -50.0000, 0.0000,  20.0000, -50.0000, 0.0000,  255, 0, 0
L 580.0000, -20.0000, 0.0000,  540.0000, -20.0000, 0.0000,  255, 0, 0
L 580.0000, -90.0000, 0.0000,  580.0000, -20.0000, 0.0000,  255, 0, 0
L 540.0000, -90.0000, 0.0000,  580.0000, -90.0000, 0.0000,  255, 0, 0
L 540.0000, -20.0000, 0.0000,  540.0000, -90.0000, 0.0000,  255, 0, 0
L 520.0000, -20.0000, 0.0000,  480.0000, -20.0000, 0.0000,  255, 0, 0
L 520.0000, -90.0000, 0.0000,  520.0000, -20.0000, 0.0000,  255, 0, 0
L 480.0000, -90.0000, 0.0000,  520.0000, -90.0000, 0.0000,  255, 0, 0
L 480.0000, -20.0000, 0.0000,  480.0000, -90.0000, 0.0000,  255, 0, 0
L 460.0000, -90.0000, 0.0000,  450.0000, -80.0000, 0.0000,  255, 0, 0
L 460.0000, -20.0000, 0.0000,  460.0000, -90.0000, 0.0000,  255, 0, 0
L 0.0000, -250.0000, 0.0000,  0.0000, 250.0000, 0.0000,  255, 0, 0
L -250.0000, 0.0000, 0.0000,  1000.0000, 0.0000, 0.0000,  255, 0, 0
L -120.0000, -80.0000, 0.0000,  -120.0000, -60.0000, 0.0000,  255, 0, 0
L -120.0000, -60.0000, 0.0000,  -120.0000, -40.0000, 0.0000,  255, 0, 0
L -100.0000, -60.0000, 0.0000,  -120.0000, -60.0000, 0.0000,  255, 0, 0
L -120.0000, -60.0000, 0.0000,  -140.0000, -60.0000, 0.0000,  255, 0, 0
L -90.0000, -50.0000, 0.0000,  -100.0000, -30.0000, 0.0000,  255, 0, 0
L -60.0000, -80.0000, 0.0000,  -60.0000, -60.0000, 0.0000,  255, 0, 0
L -60.0000, -60.0000, 0.0000,  -60.0000, -40.0000, 0.0000,  255, 0, 0
L -40.0000, -60.0000, 0.0000,  -60.0000, -60.0000, 0.0000,  255, 0, 0
L -60.0000, -60.0000, 0.0000,  -80.0000, -60.0000, 0.0000,  255, 0, 0
L 100.0000, 60.0000, 0.0000,  120.0000, 60.0000, 0.0000,  255, 0, 0
L 120.0000, 60.0000, 0.0000,  140.0000, 60.0000, 0.0000,  255, 0, 0
L 90.0000, 70.0000, 0.0000,  80.0000, 90.0000, 0.0000,  255, 0, 0
L 40.0000, 60.0000, 0.0000,  60.0000, 60.0000, 0.0000,  255, 0, 0
L 60.0000, 60.0000, 0.0000,  80.0000, 60.0000, 0.0000,  255, 0, 0
L -100.0000, 60.0000, 0.0000,  -120.0000, 60.0000, 0.0000,  255, 0, 0
L -120.0000, 60.0000, 0.0000,  -140.0000, 60.0000, 0.0000,  255, 0, 0
L -90.0000, 70.0000, 0.0000,  -100.0000, 90.0000, 0.0000,  255, 0, 0
L -60.0000, 80.0000, 0.0000,  -60.0000, 60.0000, 0.0000,  255, 0, 0
L -60.0000, 60.0000, 0.0000,  -60.0000, 40.0000, 0.0000,  255, 0, 0
L -40.0000, 60.0000, 0.0000,  -60.0000, 60.0000, 0.0000,  255, 0, 0
L -60.0000, 60.0000, 0.0000,  -80.0000, 60.0000, 0.0000,  255, 0, 0
L 100.0000, -60.0000, 0.0000,  120.0000, -60.0000, 0.0000,  255, 0, 0
L 120.0000, -60.0000, 0.0000,  140.0000, -60.0000, 0.0000,  255, 0, 0
L 90.0000, -50.0000, 0.0000,  80.0000, -30.0000, 0.0000,  255, 0, 0
L 60.0000, -80.0000, 0.0000,  60.0000, -60.0000, 0.0000,  255, 0, 0
L 60.0000, -60.0000, 0.0000,  60.0000, -40.0000, 0.0000,  255, 0, 0
L 40.0000, -60.0000, 0.0000,  60.0000, -60.0000, 0.0000,  255, 0, 0
L 60.0000, -60.0000, 0.0000,  80.0000, -60.0000, 0.0000,  255, 0, 0
L 599.0000, -90.0000, 0.0000,  637.3000, -90.0000, 0.0000,  255, 0, 0
L 599.0000, -20.0000, 0.0000,  637.3000, -20.0000, 0.0000,  255, 0, 0
L 599.0000, -90.0000, 0.0000,  599.0000, -20.0000, 0.0000,  255, 0, 0
L 637.3000, -90.0000, 0.0000,  637.3000, -20.0000, 0.0000,  255, 0, 0
L 2500.0000, 3700.0000, 0.0000,  2500.0000, 3760.0000, 0.0000,  0, 0, 0
L 2540.0000, 3760.0000, 0.0000,  2500.0000, 3760.0000, 0.0000,  0, 0, 0
L 2560.0000, 3730.0000, 0.0000,  2590.0000, 3730.0000, 0.0000,  0, 0, 0
L 2560.0000, 3760.0000, 0.0000,  2590.0000, 3760.0000, 0.0000,  0, 0, 0
L 2560.0000, 3700.0000, 0.0000,  2560.0000, 3760.0000, 0.0000,  0, 0, 0
L 2590.0000, 3700.0000, 0.0000,  2560.0000, 3700.0000, 0.0000,  0, 0, 0
L 2640.0000, 3760.0000, 0.0000,  2610.0000, 3760.0000, 0.0000,  0, 0, 0
L 2610.0000, 3700.0000, 0.0000,  2640.0000, 3700.0000, 0.0000,  0, 0, 0
L 2610.0000, 3760.0000, 0.0000,  2610.0000, 3700.0000, 0.0000,  0, 0, 0
L 2640.0000, 3760.0000, 0.0000,  2640.0000, 3730.0000, 0.0000,  0, 0, 0
L 2640.0000, 3730.0000, 0.0000,  2620.0000, 3730.0000, 0.0000,  0, 0, 0
L 2660.0000, 3730.0000, 0.0000,  2690.0000, 3730.0000, 0.0000,  0, 0, 0
L 2660.0000, 3760.0000, 0.0000,  2690.0000, 3760.0000, 0.0000,  0, 0, 0
L 2660.0000, 3700.0000, 0.0000,  2660.0000, 3760.0000, 0.0000,  0, 0, 0
L 2690.0000, 3700.0000, 0.0000,  2660.0000, 3700.0000, 0.0000,  0, 0, 0
L 2740.0000, 3760.0000, 0.0000,  2740.0000, 3700.0000, 0.0000,  0, 0, 0
L 2710.0000, 3700.0000, 0.0000,  2740.0000, 3760.0000, 0.0000,  0, 0, 0
L 2710.0000, 3760.0000, 0.0000,  2710.0000, 3700.0000, 0.0000,  0, 0, 0
L 2770.0000, 3760.0000, 0.0000,  2770.0000, 3700.0000, 0.0000,  0, 0, 0
L 2780.0000, 3760.0000, 0.0000,  2760.0000, 3760.0000, 0.0000,  0, 0, 0
L 2790.0000, 3730.0000, 0.0000,  2780.0000, 3760.0000, 0.0000,  0, 0, 0
L 2780.0000, 3700.0000, 0.0000,  2790.0000, 3730.0000, 0.0000,  0, 0, 0
L 2760.0000, 3700.0000, 0.0000,  2780.0000, 3700.0000, 0.0000,  0, 0, 0
L 2500.0000, 3870.0000, 0.0000,  2560.0000, 3870.0000, 0.0000,  0, 0, 0
L 2500.0000, 3790.0000, 0.0000,  2560.0000, 3790.0000, 0.0000,  0, 0, 0
L 2530.0000, 3843.0000, 0.0000,  2530.0000, 3817.0000, 0.0000,  205, 133, 63
L 2560.0000, 3870.0000, 0.0000,  2620.0000, 3870.0000, 0.0000,  0, 0, 0
L 2560.0000, 3870.0000, 0.0000,  2560.0000, 3843.0000, 0.0000,  205, 133, 63
L 2530.0000, 3843.0000, 0.0000,  2590.0000, 3843.0000, 0.0000,  205, 133, 63
L 2530.0000, 3817.0000, 0.0000,  2560.0000, 3817.0000, 0.0000,  205, 133, 63
L 2560.0000, 3817.0000, 0.0000,  2590.0000, 3817.0000, 0.0000,  205, 133, 63
L 2560.0000, 3790.0000, 0.0000,  2620.0000, 3790.0000, 0.0000,  0, 0, 0
L 2560.0000, 3817.0000, 0.0000,  2560.0000, 3790.0000, 0.0000,  205, 133, 63
L 2590.0000, 3843.0000, 0.0000,  2590.0000, 3817.0000, 0.0000,  205, 133, 63
L 2670.0000, 3860.0000, 0.0000,  2670.0000, 3800.0000, 0.0000,  0, 0, 0
L 2680.0000, 3860.0000, 0.0000,  2660.0000, 3860.0000, 0.0000,  0, 0, 0
L 2690.0000, 3830.0000, 0.0000,  2680.0000, 3860.0000, 0.0000,  0, 0, 0
L 2680.0000, 3800.0000, 0.0000,  2690.0000, 3830.0000, 0.0000,  0, 0, 0
L 2660.0000, 3800.0000, 0.0000,  2680.0000, 3800.0000, 0.0000,  0, 0, 0
L 2710.0000, 3800.0000, 0.0000,  2740.0000, 3800.0000, 0.0000,  0, 0, 0
L 2710.0000, 3860.0000, 0.0000,  2740.0000, 3860.0000, 0.0000,  0, 0, 0
L 2710.0000, 3800.0000, 0.0000,  2710.0000, 3860.0000, 0.0000,  0, 0, 0
L 2740.0000, 3800.0000, 0.0000,  2740.0000, 3860.0000, 0.0000,  0, 0, 0
L 2760.0000, 3800.0000, 0.0000,  2790.0000, 3800.0000, 0.0000,  0, 0, 0
L 2760.0000, 3860.0000, 0.0000,  2790.0000, 3860.0000, 0.0000,  0, 0, 0
L 2760.0000, 3800.0000, 0.0000,  2760.0000, 3860.0000, 0.0000,  0, 0, 0
L 2790.0000, 3800.0000, 0.0000,  2790.0000, 3860.0000, 0.0000,  0, 0, 0
L 2810.0000, 3800.0000, 0.0000,  2810.0000, 3830.0000, 0.0000,  0, 0, 0
L 2810.0000, 3830.0000, 0.0000,  2810.0000, 3860.0000, 0.0000,  0, 0, 0
L 2810.0000, 3830.0000, 0.0000,  2830.0000, 3830.0000, 0.0000,  0, 0, 0
L 2850.0000, 3830.0000, 0.0000,  2850.0000, 3800.0000, 0.0000,  0, 0, 0
L 2810.0000, 3800.0000, 0.0000,  2850.0000, 3800.0000, 0.0000,  0, 0, 0
L 2830.0000, 3830.0000, 0.0000,  2850.0000, 3830.0000, 0.0000,  0, 0, 0
L 2850.0000, 3860.0000, 0.0000,  2830.0000, 3830.0000, 0.0000,  0, 0, 0
L 2500.0000, 3990.0000, 0.0000,  2590.0000, 3990.0000, 0.0000,  0, 0, 0
L 2500.0000, 3910.0000, 0.0000,  2590.0000, 3910.0000, 0.0000,  0, 0, 0
L 2590.0000, 3910.0000, 0.0000,  2620.0000, 3910.0000, 0.0000,  0, 0, 0
L 2590.0000, 3990.0000, 0.0000,  2620.0000, 3990.0000, 0.0000,  0, 0, 0
L 2590.0000, 3910.0000, 0.0000,  2590.0000, 3950.0000, 0.0000,  255, 255, 0
L 2530.0000, 3930.0000, 0.0000,  2530.0000, 3970.0000, 0.0000,  255, 255, 0
L 2590.0000, 3950.0000, 0.0000,  2590.0000, 3990.0000, 0.0000,  255, 255, 0
L 2590.0000, 3950.0000, 0.0000,  2530.0000, 3930.0000, 0.0000,  255, 255, 0
L 2590.0000, 3950.0000, 0.0000,  2530.0000, 3970.0000, 0.0000,  255, 255, 0
L 2660.0000, 3920.0000, 0.0000,  2690.0000, 3920.0000, 0.0000,  0, 0, 0
L 2660.0000, 3980.0000, 0.0000,  2690.0000, 3980.0000, 0.0000,  0, 0, 0
L 2660.0000, 3920.0000, 0.0000,  2660.0000, 3980.0000, 0.0000,  0, 0, 0
L 2690.0000, 3920.0000, 0.0000,  2690.0000, 3980.0000, 0.0000,  0, 0, 0
L 2740.0000, 3980.0000, 0.0000,  2740.0000, 3920.0000, 0.0000,  0, 0, 0
L 2710.0000, 3920.0000, 0.0000,  2740.0000, 3980.0000, 0.0000,  0, 0, 0
L 2710.0000, 3980.0000, 0.0000,  2710.0000, 3920.0000, 0.0000,  0, 0, 0
L 2760.0000, 3950.0000, 0.0000,  2790.0000, 3950.0000, 0.0000,  0, 0, 0
L 2760.0000, 3980.0000, 0.0000,  2790.0000, 3980.0000, 0.0000,  0, 0, 0
L 2760.0000, 3920.0000, 0.0000,  2760.0000, 3980.0000, 0.0000,  0, 0, 0
L 2790.0000, 3920.0000, 0.0000,  2760.0000, 3920.0000, 0.0000,  0, 0, 0
L 2900.0000, 3980.0000, 0.0000,  2910.0000, 3920.0000, 0.0000,  0, 0, 0
L 2890.0000, 3950.0000, 0.0000,  2900.0000, 3980.0000, 0.0000,  0, 0, 0
L 2880.0000, 3980.0000, 0.0000,  2890.0000, 3950.0000, 0.0000,  0, 0, 0
L 2870.0000, 3920.0000, 0.0000,  2880.0000, 3980.0000, 0.0000,  0, 0, 0
L 2940.0000, 3950.0000, 0.0000,  2960.0000, 3950.0000, 0.0000,  0, 0, 0
L 2950.0000, 3920.0000, 0.0000,  2970.0000, 3980.0000, 0.0000,  0, 0, 0
L 2930.0000, 3980.0000, 0.0000,  2950.0000, 3920.0000, 0.0000,  0, 0, 0
L 3010.0000, 3950.0000, 0.0000,  3010.0000, 3980.0000, 0.0000,  0, 0, 0
L 3010.0000, 3950.0000, 0.0000,  3030.0000, 3920.0000, 0.0000,  0, 0, 0
L 2990.0000, 3920.0000, 0.0000,  3010.0000, 3950.0000, 0.0000,  0, 0, 0
L 2500.0000, 4030.0000, 0.0000,  2500.0000, 4060.0000, 0.0000,  255, 210, 0
L 2500.0000, 4030.0000, 0.0000,  2520.0000, 4030.0000, 0.0000,  255, 210, 0
L 2520.0000, 4090.0000, 0.0000,  2500.0000, 4090.0000, 0.0000,  255, 210, 0
L 2500.0000, 4060.0000, 0.0000,  2500.0000, 4090.0000, 0.0000,  255, 210, 0
L 2520.0000, 4060.0000, 0.0000,  2500.0000, 4060.0000, 0.0000,  255, 210, 0
L 2520.0000, 4060.0000, 0.0000,  2540.0000, 4045.0000, 0.0000,  255, 210, 0
L 2520.0000, 4030.0000, 0.0000,  2540.0000, 4045.0000, 0.0000,  255, 210, 0
L 2520.0000, 4060.0000, 0.0000,  2540.0000, 4075.0000, 0.0000,  255, 210, 0
L 2540.0000, 4075.0000, 0.0000,  2520.0000, 4090.0000, 0.0000,  255, 210, 0
L 2570.0000, 4060.0000, 0.0000,  2590.0000, 4060.0000, 0.0000,  255, 210, 0
L 2580.0000, 4030.0000, 0.0000,  2600.0000, 4090.0000, 0.0000,  255, 210, 0
L 2560.0000, 4090.0000, 0.0000,  2580.0000, 4030.0000, 0.0000,  255, 210, 0
L 2650.0000, 4090.0000, 0.0000,  2650.0000, 4030.0000, 0.0000,  255, 210, 0
L 2620.0000, 4030.0000, 0.0000,  2650.0000, 4090.0000, 0.0000,  255, 210, 0
L 2620.0000, 4090.0000, 0.0000,  2620.0000, 4030.0000, 0.0000,  255, 210, 0
L 2670.0000, 4030.0000, 0.0000,  2670.0000, 4060.0000, 0.0000,  255, 210, 0
L 2670.0000, 4060.0000, 0.0000,  2670.0000, 4090.0000, 0.0000,  255, 210, 0
L 2670.0000, 4060.0000, 0.0000,  2710.0000, 4090.0000, 0.0000,  255, 210, 0
L 2670.0000, 4060.0000, 0.0000,  2710.0000, 4030.0000, 0.0000,  255, 210, 0
L 2730.0000, 4060.0000, 0.0000,  2760.0000, 4060.0000, 0.0000,  255, 210, 0
L 2730.0000, 4090.0000, 0.0000,  2760.0000, 4090.0000, 0.0000,  255, 210, 0
L 2730.0000, 4030.0000, 0.0000,  2730.0000, 4090.0000, 0.0000,  255, 210, 0
L 2760.0000, 4030.0000, 0.0000,  2730.0000, 4030.0000, 0.0000,  255, 210, 0
L 2780.0000, 4030.0000, 0.0000,  2780.0000, 4060.0000, 0.0000,  255, 210, 0
L 2780.0000, 4060.0000, 0.0000,  2780.0000, 4090.0000, 0.0000,  255, 210, 0
L 2780.0000, 4060.0000, 0.0000,  2800.0000, 4060.0000, 0.0000,  255, 210, 0
L 2820.0000, 4060.0000, 0.0000,  2820.0000, 4030.0000, 0.0000,  255, 210, 0
L 2780.0000, 4030.0000, 0.0000,  2820.0000, 4030.0000, 0.0000,  255, 210, 0
L 2800.0000, 4060.0000, 0.0000,  2820.0000, 4060.0000, 0.0000,  255, 210, 0
L 2820.0000, 4090.0000, 0.0000,  2800.0000, 4060.0000, 0.0000,  255, 210, 0
L 2530.0000, 4180.0000, 0.0000,  2500.0000, 4180.0000, 0.0000,  255, 255, 255
L 2500.0000, 4120.0000, 0.0000,  2530.0000, 4120.0000, 0.0000,  255, 255, 255
L 2500.0000, 4180.0000, 0.0000,  2500.0000, 4120.0000, 0.0000,  255, 255, 255
L 2550.0000, 4120.0000, 0.0000,  2580.0000, 4120.0000, 0.0000,  255, 255, 255
L 2550.0000, 4180.0000, 0.0000,  2580.0000, 4180.0000, 0.0000,  255, 255, 255
L 2550.0000, 4120.0000, 0.0000,  2550.0000, 4180.0000, 0.0000,  255, 255, 255
L 2580.0000, 4120.0000, 0.0000,  2580.0000, 4180.0000, 0.0000,  255, 255, 255
L 2640.0000, 4120.0000, 0.0000,  2640.0000, 4180.0000, 0.0000,  255, 255, 255
L 2620.0000, 4150.0000, 0.0000,  2640.0000, 4120.0000, 0.0000,  255, 255, 255
L 2600.0000, 4120.0000, 0.0000,  2620.0000, 4150.0000, 0.0000,  255, 255, 255
L 2600.0000, 4180.0000, 0.0000,  2600.0000, 4120.0000, 0.0000,  255, 255, 255
L 2700.0000, 4120.0000, 0.0000,  2700.0000, 4180.0000, 0.0000,  255, 255, 255
L 2680.0000, 4150.0000, 0.0000,  2700.0000, 4120.0000, 0.0000,  255, 255, 255
L 2660.0000, 4120.0000, 0.0000,  2680.0000, 4150.0000, 0.0000,  255, 255, 255
L 2660.0000, 4180.0000, 0.0000,  2660.0000, 4120.0000, 0.0000,  255, 255, 255
L 2720.0000, 4150.0000, 0.0000,  2750.0000, 4150.0000, 0.0000,  255, 255, 255
L 2720.0000, 4180.0000, 0.0000,  2750.0000, 4180.0000, 0.0000,  255, 255, 255
L 2720.0000, 4120.0000, 0.0000,  2720.0000, 4180.0000, 0.0000,  255, 255, 255
L 2750.0000, 4120.0000, 0.0000,  2720.0000, 4120.0000, 0.0000,  255, 255, 255
L 2800.0000, 4180.0000, 0.0000,  2800.0000, 4120.0000, 0.0000,  255, 255, 255
L 2770.0000, 4120.0000, 0.0000,  2800.0000, 4180.0000, 0.0000,  255, 255, 255
L 2770.0000, 4180.0000, 0.0000,  2770.0000, 4120.0000, 0.0000,  255, 255, 255
L 2840.0000, 4120.0000, 0.0000,  2840.0000, 4180.0000, 0.0000,  255, 255, 255
L 2820.0000, 4120.0000, 0.0000,  2860.0000, 4120.0000, 0.0000,  255, 255, 255
L 2530.0000, 4270.0000, 0.0000,  2500.0000, 4270.0000, 0.0000,  0, 0, 0
L 2500.0000, 4210.0000, 0.0000,  2530.0000, 4210.0000, 0.0000,  0, 0, 0
L 2500.0000, 4270.0000, 0.0000,  2500.0000, 4210.0000, 0.0000,  0, 0, 0
L 2530.0000, 4270.0000, 0.0000,  2530.0000, 4240.0000, 0.0000,  0, 0, 0
L 2530.0000, 4240.0000, 0.0000,  2510.0000, 4240.0000, 0.0000,  0, 0, 0
L 2550.0000, 4240.0000, 0.0000,  2580.0000, 4240.0000, 0.0000,  0, 0, 0
L 2550.0000, 4270.0000, 0.0000,  2580.0000, 4270.0000, 0.0000,  0, 0, 0
L 2550.0000, 4210.0000, 0.0000,  2550.0000, 4270.0000, 0.0000,  0, 0, 0
L 2580.0000, 4210.0000, 0.0000,  2550.0000, 4210.0000, 0.0000,  0, 0, 0
L 2630.0000, 4270.0000, 0.0000,  2630.0000, 4210.0000, 0.0000,  0, 0, 0
L 2600.0000, 4210.0000, 0.0000,  2630.0000, 4270.0000, 0.0000,  0, 0, 0
L 2600.0000, 4270.0000, 0.0000,  2600.0000, 4210.0000, 0.0000,  0, 0, 0
L 2650.0000, 4240.0000, 0.0000,  2680.0000, 4240.0000, 0.0000,  0, 0, 0
L 2650.0000, 4270.0000, 0.0000,  2680.0000, 4270.0000, 0.0000,  0, 0, 0
L 2650.0000, 4210.0000, 0.0000,  2650.0000, 4270.0000, 0.0000,  0, 0, 0
L 2680.0000, 4210.0000, 0.0000,  2650.0000, 4210.0000, 0.0000,  0, 0, 0
L 2700.0000, 4210.0000, 0.0000,  2700.0000, 4240.0000, 0.0000,  0, 0, 0
L 2700.0000, 4240.0000, 0.0000,  2700.0000, 4270.0000, 0.0000,  0, 0, 0
L 2700.0000, 4240.0000, 0.0000,  2720.0000, 4240.0000, 0.0000,  0, 0, 0
L 2740.0000, 4240.0000, 0.0000,  2740.0000, 4210.0000, 0.0000,  0, 0, 0
L 2700.0000, 4210.0000, 0.0000,  2740.0000, 4210.0000, 0.0000,  0, 0, 0
L 2720.0000, 4240.0000, 0.0000,  2740.0000, 4240.0000, 0.0000,  0, 0, 0
L 2740.0000, 4270.0000, 0.0000,  2720.0000, 4240.0000, 0.0000,  0, 0, 0
L 2770.0000, 4240.0000, 0.0000,  2790.0000, 4240.0000, 0.0000,  0, 0, 0
L 2780.0000, 4210.0000, 0.0000,  2800.0000, 4270.0000, 0.0000,  0, 0, 0
L 2760.0000, 4270.0000, 0.0000,  2780.0000, 4210.0000, 0.0000,  0, 0, 0
L 2820.0000, 4210.0000, 0.0000,  2820.0000, 4270.0000, 0.0000,  0, 0, 0
L 2860.0000, 4270.0000, 0.0000,  2820.0000, 4270.0000, 0.0000,  0, 0, 0
L 2530.0000, 4360.0000, 0.0000,  2500.0000, 4360.0000, 0.0000,  0, 0, 255
L 2500.0000, 4300.0000, 0.0000,  2530.0000, 4300.0000, 0.0000,  0, 0, 255
L 2500.0000, 4360.0000, 0.0000,  2500.0000, 4300.0000, 0.0000,  0, 0, 255
L 2530.0000, 4360.0000, 0.0000,  2530.0000, 4330.0000, 0.0000,  0, 0, 255
L 2530.0000, 4330.0000, 0.0000,  2510.0000, 4330.0000, 0.0000,  0, 0, 255
L 2550.0000, 4300.0000, 0.0000,  2550.0000, 4330.0000, 0.0000,  0, 0, 255
L 2550.0000, 4330.0000, 0.0000,  2550.0000, 4360.0000, 0.0000,  0, 0, 255
L 2550.0000, 4330.0000, 0.0000,  2570.0000, 4330.0000, 0.0000,  0, 0, 255
L 2590.0000, 4330.0000, 0.0000,  2590.0000, 4300.0000, 0.0000,  0, 0, 255
L 2550.0000, 4300.0000, 0.0000,  2590.0000, 4300.0000, 0.0000,  0, 0, 255
L 2570.0000, 4330.0000, 0.0000,  2590.0000, 4330.0000, 0.0000,  0, 0, 255
L 2590.0000, 4360.0000, 0.0000,  2570.0000, 4330.0000, 0.0000,  0, 0, 255
L 2610.0000, 4300.0000, 0.0000,  2640.0000, 4300.0000, 0.0000,  0, 0, 255
L 2610.0000, 4360.0000, 0.0000,  2640.0000, 4360.0000, 0.0000,  0, 0, 255
L 2610.0000, 4300.0000, 0.0000,  2610.0000, 4360.0000, 0.0000,  0, 0, 255
L 2640.0000, 4300.0000, 0.0000,  2640.0000, 4360.0000, 0.0000,  0, 0, 255
L 2700.0000, 4300.0000, 0.0000,  2700.0000, 4360.0000, 0.0000,  0, 0, 255
L 2660.0000, 4300.0000, 0.0000,  2660.0000, 4360.0000, 0.0000,  0, 0, 255
L 2660.0000, 4360.0000, 0.0000,  2700.0000, 4360.0000, 0.0000,  0, 0, 255
L 2750.0000, 4360.0000, 0.0000,  2750.0000, 4300.0000, 0.0000,  0, 0, 255
L 2720.0000, 4300.0000, 0.0000,  2750.0000, 4360.0000, 0.0000,  0, 0, 255
L 2720.0000, 4360.0000, 0.0000,  2720.0000, 4300.0000, 0.0000,  0, 0, 255
L 2780.0000, 4360.0000, 0.0000,  2780.0000, 4300.0000, 0.0000,  0, 0, 255
L 2790.0000, 4360.0000, 0.0000,  2770.0000, 4360.0000, 0.0000,  0, 0, 255
L 2800.0000, 4330.0000, 0.0000,  2790.0000, 4360.0000, 0.0000,  0, 0, 255
L 2790.0000, 4300.0000, 0.0000,  2800.0000, 4330.0000, 0.0000,  0, 0, 255
L 2770.0000, 4300.0000, 0.0000,  2790.0000, 4300.0000, 0.0000,  0, 0, 255
L 2880.0000, 4300.0000, 0.0000,  2880.0000, 4330.0000, 0.0000,  0, 0, 255
L 2880.0000, 4360.0000, 0.0000,  2920.0000, 4360.0000, 0.0000,  0, 0, 255
L 2920.0000, 4330.0000, 0.0000,  2880.0000, 4330.0000, 0.0000,  0, 0, 255
L 2880.0000, 4300.0000, 0.0000,  2920.0000, 4300.0000, 0.0000,  0, 0, 255
L 2920.0000, 4330.0000, 0.0000,  2920.0000, 4360.0000, 0.0000,  0, 0, 255
L 2970.0000, 4330.0000, 0.0000,  2940.0000, 4330.0000, 0.0000,  0, 0, 255
L 2970.0000, 4300.0000, 0.0000,  2970.0000, 4330.0000, 0.0000,  0, 0, 255
L 2940.0000, 4300.0000, 0.0000,  2970.0000, 4300.0000, 0.0000,  0, 0, 255
L 2940.0000, 4360.0000, 0.0000,  2940.0000, 4300.0000, 0.0000,  0, 0, 255
L 3000.0000, 4330.0000, 0.0000,  3020.0000, 4330.0000, 0.0000,  0, 0, 255
L 3010.0000, 4300.0000, 0.0000,  3030.0000, 4360.0000, 0.0000,  0, 0, 255
L 2990.0000, 4360.0000, 0.0000,  3010.0000, 4300.0000, 0.0000,  0, 0, 255
L 3080.0000, 4360.0000, 0.0000,  3090.0000, 4300.0000, 0.0000,  0, 0, 255
L 3070.0000, 4330.0000, 0.0000,  3080.0000, 4360.0000, 0.0000,  0, 0, 255
L 3060.0000, 4360.0000, 0.0000,  3070.0000, 4330.0000, 0.0000,  0, 0, 255
L 3050.0000, 4300.0000, 0.0000,  3060.0000, 4360.0000, 0.0000,  0, 0, 255
L 3140.0000, 4360.0000, 0.0000,  3140.0000, 4300.0000, 0.0000,  0, 0, 255
L 3110.0000, 4300.0000, 0.0000,  3140.0000, 4360.0000, 0.0000,  0, 0, 255
L 3110.0000, 4360.0000, 0.0000,  3110.0000, 4300.0000, 0.0000,  0, 0, 255
L 2530.0000, 4450.0000, 0.0000,  2500.0000, 4450.0000, 0.0000,  128, 128, 128
L 2500.0000, 4390.0000, 0.0000,  2530.0000, 4390.0000, 0.0000,  128, 128, 128
L 2500.0000, 4450.0000, 0.0000,  2500.0000, 4390.0000, 0.0000,  128, 128, 128
L 2530.0000, 4450.0000, 0.0000,  2530.0000, 4420.0000, 0.0000,  128, 128, 128
L 2530.0000, 4420.0000, 0.0000,  2510.0000, 4420.0000, 0.0000,  128, 128, 128
L 2590.0000, 4390.0000, 0.0000,  2590.0000, 4450.0000, 0.0000,  128, 128, 128
L 2550.0000, 4390.0000, 0.0000,  2550.0000, 4450.0000, 0.0000,  128, 128, 128
L 2550.0000, 4450.0000, 0.0000,  2590.0000, 4450.0000, 0.0000,  128, 128, 128
L 2610.0000, 4390.0000, 0.0000,  2610.0000, 4450.0000, 0.0000,  128, 128, 128
L 2630.0000, 4390.0000, 0.0000,  2630.0000, 4450.0000, 0.0000,  128, 128, 128
L 2670.0000, 4450.0000, 0.0000,  2630.0000, 4450.0000, 0.0000,  128, 128, 128
L 2700.0000, 4450.0000, 0.0000,  2700.0000, 4390.0000, 0.0000,  128, 128, 128
L 2710.0000, 4450.0000, 0.0000,  2690.0000, 4450.0000, 0.0000,  128, 128, 128
L 2720.0000, 4420.0000, 0.0000,  2710.0000, 4450.0000, 0.0000,  128, 128, 128
L 2710.0000, 4390.0000, 0.0000,  2720.0000, 4420.0000, 0.0000,  128, 128, 128
L 2690.0000, 4390.0000, 0.0000,  2710.0000, 4390.0000, 0.0000,  128, 128, 128
L 2840.0000, 4390.0000, 0.0000,  2840.0000, 4450.0000, 0.0000,  128, 128, 128
L 2820.0000, 4420.0000, 0.0000,  2840.0000, 4390.0000, 0.0000,  128, 128, 128
L 2800.0000, 4390.0000, 0.0000,  2820.0000, 4420.0000, 0.0000,  128, 128, 128
L 2800.0000, 4450.0000, 0.0000,  2800.0000, 4390.0000, 0.0000,  128, 128, 128
L 2870.0000, 4420.0000, 0.0000,  2890.0000, 4420.0000, 0.0000,  128, 128, 128
L 2880.0000, 4390.0000, 0.0000,  2900.0000, 4450.0000, 0.0000,  128, 128, 128
L 2860.0000, 4450.0000, 0.0000,  2880.0000, 4390.0000, 0.0000,  128, 128, 128
L 2920.0000, 4390.0000, 0.0000,  2920.0000, 4420.0000, 0.0000,  128, 128, 128
L 2920.0000, 4450.0000, 0.0000,  2960.0000, 4450.0000, 0.0000,  128, 128, 128
L 2960.0000, 4420.0000, 0.0000,  2920.0000, 4420.0000, 0.0000,  128, 128, 128
L 2920.0000, 4390.0000, 0.0000,  2960.0000, 4390.0000, 0.0000,  128, 128, 128
L 2960.0000, 4420.0000, 0.0000,  2960.0000, 4450.0000, 0.0000,  128, 128, 128
L 3000.0000, 4390.0000, 0.0000,  3000.0000, 4450.0000, 0.0000,  128, 128, 128
L 2980.0000, 4390.0000, 0.0000,  3020.0000, 4390.0000, 0.0000,  128, 128, 128
L 3040.0000, 4420.0000, 0.0000,  3070.0000, 4420.0000, 0.0000,  128, 128, 128
L 3040.0000, 4450.0000, 0.0000,  3070.0000, 4450.0000, 0.0000,  128, 128, 128
L 3040.0000, 4390.0000, 0.0000,  3040.0000, 4450.0000, 0.0000,  128, 128, 128
L 3070.0000, 4390.0000, 0.0000,  3040.0000, 4390.0000, 0.0000,  128, 128, 128
L 3090.0000, 4390.0000, 0.0000,  3090.0000, 4420.0000, 0.0000,  128, 128, 128
L 3090.0000, 4420.0000, 0.0000,  3090.0000, 4450.0000, 0.0000,  128, 128, 128
L 3090.0000, 4420.0000, 0.0000,  3110.0000, 4420.0000, 0.0000,  128, 128, 128
L 3130.0000, 4420.0000, 0.0000,  3130.0000, 4390.0000, 0.0000,  128, 128, 128
L 3090.0000, 4390.0000, 0.0000,  3130.0000, 4390.0000, 0.0000,  128, 128, 128
L 3110.0000, 4420.0000, 0.0000,  3130.0000, 4420.0000, 0.0000,  128, 128, 128
L 3130.0000, 4450.0000, 0.0000,  3110.0000, 4420.0000, 0.0000,  128, 128, 128
L 2500.0000, 4480.0000, 0.0000,  2500.0000, 4510.0000, 0.0000,  127, 64, 0
L 2540.0000, 4540.0000, 0.0000,  2540.0000, 4510.0000, 0.0000,  127, 64, 0
L 2500.0000, 4510.0000, 0.0000,  2500.0000, 4540.0000, 0.0000,  127, 64, 0
L 2540.0000, 4510.0000, 0.0000,  2540.0000, 4480.0000, 0.0000,  127, 64, 0
L 2500.0000, 4510.0000, 0.0000,  2540.0000, 4510.0000, 0.0000,  127, 64, 0
L 2600.0000, 4480.0000, 0.0000,  2600.0000, 4540.0000, 0.0000,  127, 64, 0
L 2560.0000, 4480.0000, 0.0000,  2560.0000, 4540.0000, 0.0000,  127, 64, 0
L 2560.0000, 4540.0000, 0.0000,  2600.0000, 4540.0000, 0.0000,  127, 64, 0
L 2650.0000, 4540.0000, 0.0000,  2650.0000, 4480.0000, 0.0000,  127, 64, 0
L 2620.0000, 4480.0000, 0.0000,  2650.0000, 4540.0000, 0.0000,  127, 64, 0
L 2620.0000, 4540.0000, 0.0000,  2620.0000, 4480.0000, 0.0000,  127, 64, 0
L 2690.0000, 4480.0000, 0.0000,  2690.0000, 4540.0000, 0.0000,  127, 64, 0
L 2670.0000, 4480.0000, 0.0000,  2710.0000, 4480.0000, 0.0000,  127, 64, 0
L 2730.0000, 4510.0000, 0.0000,  2760.0000, 4510.0000, 0.0000,  127, 64, 0
L 2730.0000, 4540.0000, 0.0000,  2760.0000, 4540.0000, 0.0000,  127, 64, 0
L 2730.0000, 4480.0000, 0.0000,  2730.0000, 4540.0000, 0.0000,  127, 64, 0
L 2760.0000, 4480.0000, 0.0000,  2730.0000, 4480.0000, 0.0000,  127, 64, 0
L 2780.0000, 4480.0000, 0.0000,  2780.0000, 4510.0000, 0.0000,  127, 64, 0
L 2780.0000, 4510.0000, 0.0000,  2780.0000, 4540.0000, 0.0000,  127, 64, 0
L 2780.0000, 4510.0000, 0.0000,  2800.0000, 4510.0000, 0.0000,  127, 64, 0
L 2820.0000, 4510.0000, 0.0000,  2820.0000, 4480.0000, 0.0000,  127, 64, 0
L 2780.0000, 4480.0000, 0.0000,  2820.0000, 4480.0000, 0.0000,  127, 64, 0
L 2800.0000, 4510.0000, 0.0000,  2820.0000, 4510.0000, 0.0000,  127, 64, 0
L 2820.0000, 4540.0000, 0.0000,  2800.0000, 4510.0000, 0.0000,  127, 64, 0
L 2540.0000, 4570.0000, 0.0000,  2540.0000, 4630.0000, 0.0000,  0, 127, 0
L 2520.0000, 4600.0000, 0.0000,  2540.0000, 4570.0000, 0.0000,  0, 127, 0
L 2500.0000, 4570.0000, 0.0000,  2520.0000, 4600.0000, 0.0000,  0, 127, 0
L 2500.0000, 4630.0000, 0.0000,  2500.0000, 4570.0000, 0.0000,  0, 127, 0
L 2560.0000, 4600.0000, 0.0000,  2590.0000, 4600.0000, 0.0000,  0, 127, 0
L 2560.0000, 4630.0000, 0.0000,  2590.0000, 4630.0000, 0.0000,  0, 127, 0
L 2560.0000, 4570.0000, 0.0000,  2560.0000, 4630.0000, 0.0000,  0, 127, 0
L 2590.0000, 4570.0000, 0.0000,  2560.0000, 4570.0000, 0.0000,  0, 127, 0
L 2610.0000, 4570.0000, 0.0000,  2610.0000, 4600.0000, 0.0000,  0, 127, 0
L 2610.0000, 4600.0000, 0.0000,  2610.0000, 4630.0000, 0.0000,  0, 127, 0
L 2610.0000, 4600.0000, 0.0000,  2630.0000, 4600.0000, 0.0000,  0, 127, 0
L 2650.0000, 4600.0000, 0.0000,  2650.0000, 4570.0000, 0.0000,  0, 127, 0
L 2610.0000, 4570.0000, 0.0000,  2650.0000, 4570.0000, 0.0000,  0, 127, 0
L 2630.0000, 4600.0000, 0.0000,  2650.0000, 4600.0000, 0.0000,  0, 127, 0
L 2650.0000, 4630.0000, 0.0000,  2630.0000, 4600.0000, 0.0000,  0, 127, 0
L 2700.0000, 4630.0000, 0.0000,  2670.0000, 4630.0000, 0.0000,  0, 127, 0
L 2670.0000, 4570.0000, 0.0000,  2700.0000, 4570.0000, 0.0000,  0, 127, 0
L 2670.0000, 4630.0000, 0.0000,  2670.0000, 4570.0000, 0.0000,  0, 127, 0
L 2720.0000, 4570.0000, 0.0000,  2720.0000, 4600.0000, 0.0000,  0, 127, 0
L 2760.0000, 4630.0000, 0.0000,  2760.0000, 4600.0000, 0.0000,  0, 127, 0
L 2720.0000, 4600.0000, 0.0000,  2720.0000, 4630.0000, 0.0000,  0, 127, 0
L 2760.0000, 4600.0000, 0.0000,  2760.0000, 4570.0000, 0.0000,  0, 127, 0
L 2720.0000, 4600.0000, 0.0000,  2760.0000, 4600.0000, 0.0000,  0, 127, 0
L 2790.0000, 4600.0000, 0.0000,  2810.0000, 4600.0000, 0.0000,  0, 127, 0
L 2800.0000, 4570.0000, 0.0000,  2820.0000, 4630.0000, 0.0000,  0, 127, 0
L 2780.0000, 4630.0000, 0.0000,  2800.0000, 4570.0000, 0.0000,  0, 127, 0
L 2870.0000, 4630.0000, 0.0000,  2870.0000, 4570.0000, 0.0000,  0, 127, 0
L 2840.0000, 4570.0000, 0.0000,  2870.0000, 4630.0000, 0.0000,  0, 127, 0
L 2840.0000, 4630.0000, 0.0000,  2840.0000, 4570.0000, 0.0000,  0, 127, 0
L 2910.0000, 4570.0000, 0.0000,  2910.0000, 4630.0000, 0.0000,  0, 127, 0
L 2890.0000, 4570.0000, 0.0000,  2930.0000, 4570.0000, 0.0000,  0, 127, 0
L 2540.0000, 4660.0000, 0.0000,  2540.0000, 4720.0000, 0.0000,  0, 127, 127
L 2520.0000, 4690.0000, 0.0000,  2540.0000, 4660.0000, 0.0000,  0, 127, 127
L 2500.0000, 4660.0000, 0.0000,  2520.0000, 4690.0000, 0.0000,  0, 127, 127
L 2500.0000, 4720.0000, 0.0000,  2500.0000, 4660.0000, 0.0000,  0, 127, 127
L 2560.0000, 4660.0000, 0.0000,  2560.0000, 4720.0000, 0.0000,  0, 127, 127
L 2580.0000, 4660.0000, 0.0000,  2580.0000, 4690.0000, 0.0000,  0, 127, 127
L 2580.0000, 4720.0000, 0.0000,  2620.0000, 4720.0000, 0.0000,  0, 127, 127
L 2620.0000, 4690.0000, 0.0000,  2580.0000, 4690.0000, 0.0000,  0, 127, 127
L 2580.0000, 4660.0000, 0.0000,  2620.0000, 4660.0000, 0.0000,  0, 127, 127
L 2620.0000, 4690.0000, 0.0000,  2620.0000, 4720.0000, 0.0000,  0, 127, 127
L 2640.0000, 4660.0000, 0.0000,  2640.0000, 4690.0000, 0.0000,  0, 127, 127
L 2640.0000, 4720.0000, 0.0000,  2680.0000, 4720.0000, 0.0000,  0, 127, 127
L 2680.0000, 4690.0000, 0.0000,  2640.0000, 4690.0000, 0.0000,  0, 127, 127
L 2640.0000, 4660.0000, 0.0000,  2680.0000, 4660.0000, 0.0000,  0, 127, 127
L 2680.0000, 4690.0000, 0.0000,  2680.0000, 4720.0000, 0.0000,  0, 127, 127
L 2700.0000, 4660.0000, 0.0000,  2700.0000, 4720.0000, 0.0000,  0, 127, 127
L 2720.0000, 4660.0000, 0.0000,  2750.0000, 4660.0000, 0.0000,  0, 127, 127
L 2720.0000, 4720.0000, 0.0000,  2750.0000, 4720.0000, 0.0000,  0, 127, 127
L 2720.0000, 4660.0000, 0.0000,  2720.0000, 4720.0000, 0.0000,  0, 127, 127
L 2750.0000, 4660.0000, 0.0000,  2750.0000, 4720.0000, 0.0000,  0, 127, 127
L 2800.0000, 4720.0000, 0.0000,  2800.0000, 4660.0000, 0.0000,  0, 127, 127
L 2770.0000, 4660.0000, 0.0000,  2800.0000, 4720.0000, 0.0000,  0, 127, 127
L 2770.0000, 4720.0000, 0.0000,  2770.0000, 4660.0000, 0.0000,  0, 127, 127
L 2530.0000, 4810.0000, 0.0000,  2530.0000, 4750.0000, 0.0000,  127, 64, 0
L 2500.0000, 4750.0000, 0.0000,  2530.0000, 4810.0000, 0.0000,  127, 64, 0
L 2500.0000, 4810.0000, 0.0000,  2500.0000, 4750.0000, 0.0000,  127, 64, 0
L 2560.0000, 4780.0000, 0.0000,  2580.0000, 4780.0000, 0.0000,  127, 64, 0
L 2570.0000, 4750.0000, 0.0000,  2590.0000, 4810.0000, 0.0000,  127, 64, 0
L 2550.0000, 4810.0000, 0.0000,  2570.0000, 4750.0000, 0.0000,  127, 64, 0
L 2650.0000, 4750.0000, 0.0000,  2650.0000, 4810.0000, 0.0000,  127, 64, 0
L 2630.0000, 4780.0000, 0.0000,  2650.0000, 4750.0000, 0.0000,  127, 64, 0
L 2610.0000, 4750.0000, 0.0000,  2630.0000, 4780.0000, 0.0000,  127, 64, 0
L 2610.0000, 4810.0000, 0.0000,  2610.0000, 4750.0000, 0.0000,  127, 64, 0
L 2670.0000, 4780.0000, 0.0000,  2700.0000, 4780.0000, 0.0000,  127, 64, 0
L 2670.0000, 4810.0000, 0.0000,  2700.0000, 4810.0000, 0.0000,  127, 64, 0
L 2670.0000, 4750.0000, 0.0000,  2670.0000, 4810.0000, 0.0000,  127, 64, 0
L 2700.0000, 4750.0000, 0.0000,  2670.0000, 4750.0000, 0.0000,  127, 64, 0
L 2730.0000, 4810.0000, 0.0000,  2730.0000, 4750.0000, 0.0000,  127, 64, 0
L 2740.0000, 4810.0000, 0.0000,  2720.0000, 4810.0000, 0.0000,  127, 64, 0
L 2750.0000, 4780.0000, 0.0000,  2740.0000, 4810.0000, 0.0000,  127, 64, 0
L 2740.0000, 4750.0000, 0.0000,  2750.0000, 4780.0000, 0.0000,  127, 64, 0
L 2720.0000, 4750.0000, 0.0000,  2740.0000, 4750.0000, 0.0000,  127, 64, 0
L 2530.0000, 4870.0000, 0.0000,  2500.0000, 4870.0000, 0.0000,  0, 255, 0
L 2530.0000, 4840.0000, 0.0000,  2530.0000, 4870.0000, 0.0000,  0, 255, 0
L 2500.0000, 4840.0000, 0.0000,  2530.0000, 4840.0000, 0.0000,  0, 255, 0
L 2500.0000, 4900.0000, 0.0000,  2500.0000, 4840.0000, 0.0000,  0, 255, 0
L 2560.0000, 4870.0000, 0.0000,  2580.0000, 4870.0000, 0.0000,  0, 255, 0
L 2570.0000, 4840.0000, 0.0000,  2590.0000, 4900.0000, 0.0000,  0, 255, 0
L 2550.0000, 4900.0000, 0.0000,  2570.0000, 4840.0000, 0.0000,  0, 255, 0
L 2610.0000, 4840.0000, 0.0000,  2610.0000, 4870.0000, 0.0000,  0, 255, 0
L 2610.0000, 4870.0000, 0.0000,  2610.0000, 4900.0000, 0.0000,  0, 255, 0
L 2610.0000, 4870.0000, 0.0000,  2630.0000, 4870.0000, 0.0000,  0, 255, 0
L 2650.0000, 4870.0000, 0.0000,  2650.0000, 4840.0000, 0.0000,  0, 255, 0
L 2610.0000, 4840.0000, 0.0000,  2650.0000, 4840.0000, 0.0000,  0, 255, 0
L 2630.0000, 4870.0000, 0.0000,  2650.0000, 4870.0000, 0.0000,  0, 255, 0
L 2650.0000, 4900.0000, 0.0000,  2630.0000, 4870.0000, 0.0000,  0, 255, 0
L 2700.0000, 4900.0000, 0.0000,  2670.0000, 4900.0000, 0.0000,  0, 255, 0
L 2670.0000, 4840.0000, 0.0000,  2700.0000, 4840.0000, 0.0000,  0, 255, 0
L 2670.0000, 4900.0000, 0.0000,  2670.0000, 4840.0000, 0.0000,  0, 255, 0
L 2720.0000, 4870.0000, 0.0000,  2750.0000, 4870.0000, 0.0000,  0, 255, 0
L 2720.0000, 4900.0000, 0.0000,  2750.0000, 4900.0000, 0.0000,  0, 255, 0
L 2720.0000, 4840.0000, 0.0000,  2720.0000, 4900.0000, 0.0000,  0, 255, 0
L 2750.0000, 4840.0000, 0.0000,  2720.0000, 4840.0000, 0.0000,  0, 255, 0
L 2770.0000, 4840.0000, 0.0000,  2770.0000, 4900.0000, 0.0000,  0, 255, 0
L 2810.0000, 4900.0000, 0.0000,  2770.0000, 4900.0000, 0.0000,  0, 255, 0
L 2830.0000, 4840.0000, 0.0000,  2830.0000, 4870.0000, 0.0000,  0, 255, 0
L 2830.0000, 4900.0000, 0.0000,  2870.0000, 4900.0000, 0.0000,  0, 255, 0
L 2870.0000, 4870.0000, 0.0000,  2830.0000, 4870.0000, 0.0000,  0, 255, 0
L 2830.0000, 4840.0000, 0.0000,  2870.0000, 4840.0000, 0.0000,  0, 255, 0
L 2870.0000, 4870.0000, 0.0000,  2870.0000, 4900.0000, 0.0000,  0, 255, 0
L 2500.0000, 4930.0000, 0.0000,  2500.0000, 4960.0000, 0.0000,  0, 240, 240
L 2500.0000, 4960.0000, 0.0000,  2500.0000, 4990.0000, 0.0000,  0, 240, 240
L 2500.0000, 4960.0000, 0.0000,  2520.0000, 4960.0000, 0.0000,  0, 240, 240
L 2540.0000, 4960.0000, 0.0000,  2540.0000, 4930.0000, 0.0000,  0, 240, 240
L 2500.0000, 4930.0000, 0.0000,  2540.0000, 4930.0000, 0.0000,  0, 240, 240
L 2520.0000, 4960.0000, 0.0000,  2540.0000, 4960.0000, 0.0000,  0, 240, 240
L 2540.0000, 4990.0000, 0.0000,  2520.0000, 4960.0000, 0.0000,  0, 240, 240
L 2570.0000, 4960.0000, 0.0000,  2590.0000, 4960.0000, 0.0000,  0, 240, 240
L 2580.0000, 4930.0000, 0.0000,  2600.0000, 4990.0000, 0.0000,  0, 240, 240
L 2560.0000, 4990.0000, 0.0000,  2580.0000, 4930.0000, 0.0000,  0, 240, 240
L 2620.0000, 4930.0000, 0.0000,  2620.0000, 4990.0000, 0.0000,  0, 240, 240
L 2650.0000, 4990.0000, 0.0000,  2650.0000, 4930.0000, 0.0000,  0, 240, 240
L 2660.0000, 4990.0000, 0.0000,  2640.0000, 4990.0000, 0.0000,  0, 240, 240
L 2670.0000, 4960.0000, 0.0000,  2660.0000, 4990.0000, 0.0000,  0, 240, 240
L 2660.0000, 4930.0000, 0.0000,  2670.0000, 4960.0000, 0.0000,  0, 240, 240
L 2640.0000, 4930.0000, 0.0000,  2660.0000, 4930.0000, 0.0000,  0, 240, 240
L 2500.0000, 5020.0000, 0.0000,  2500.0000, 5050.0000, 0.0000,  0, 255, 0
L 2500.0000, 5080.0000, 0.0000,  2540.0000, 5080.0000, 0.0000,  0, 255, 0
L 2540.0000, 5050.0000, 0.0000,  2500.0000, 5050.0000, 0.0000,  0, 255, 0
L 2500.0000, 5020.0000, 0.0000,  2540.0000, 5020.0000, 0.0000,  0, 255, 0
L 2540.0000, 5050.0000, 0.0000,  2540.0000, 5080.0000, 0.0000,  0, 255, 0
L 2590.0000, 5050.0000, 0.0000,  2560.0000, 5050.0000, 0.0000,  0, 255, 0
L 2590.0000, 5020.0000, 0.0000,  2590.0000, 5050.0000, 0.0000,  0, 255, 0
L 2560.0000, 5020.0000, 0.0000,  2590.0000, 5020.0000, 0.0000,  0, 255, 0
L 2560.0000, 5080.0000, 0.0000,  2560.0000, 5020.0000, 0.0000,  0, 255, 0
L 2610.0000, 5050.0000, 0.0000,  2640.0000, 5050.0000, 0.0000,  0, 255, 0
L 2610.0000, 5080.0000, 0.0000,  2640.0000, 5080.0000, 0.0000,  0, 255, 0
L 2610.0000, 5020.0000, 0.0000,  2610.0000, 5080.0000, 0.0000,  0, 255, 0
L 2640.0000, 5020.0000, 0.0000,  2610.0000, 5020.0000, 0.0000,  0, 255, 0
L 2690.0000, 5080.0000, 0.0000,  2660.0000, 5080.0000, 0.0000,  0, 255, 0
L 2660.0000, 5020.0000, 0.0000,  2690.0000, 5020.0000, 0.0000,  0, 255, 0
L 2660.0000, 5080.0000, 0.0000,  2660.0000, 5020.0000, 0.0000,  0, 255, 0
L 2710.0000, 5020.0000, 0.0000,  2710.0000, 5080.0000, 0.0000,  0, 255, 0
L 2740.0000, 5050.0000, 0.0000,  2760.0000, 5050.0000, 0.0000,  0, 255, 0
L 2750.0000, 5020.0000, 0.0000,  2770.0000, 5080.0000, 0.0000,  0, 255, 0
L 2730.0000, 5080.0000, 0.0000,  2750.0000, 5020.0000, 0.0000,  0, 255, 0
L 2790.0000, 5020.0000, 0.0000,  2790.0000, 5080.0000, 0.0000,  0, 255, 0
L 2830.0000, 5080.0000, 0.0000,  2790.0000, 5080.0000, 0.0000,  0, 255, 0
L 2940.0000, 5080.0000, 0.0000,  2910.0000, 5080.0000, 0.0000,  0, 255, 0
L 2910.0000, 5020.0000, 0.0000,  2940.0000, 5020.0000, 0.0000,  0, 255, 0
L 2910.0000, 5080.0000, 0.0000,  2910.0000, 5020.0000, 0.0000,  0, 255, 0
L 3000.0000, 5020.0000, 0.0000,  3000.0000, 5080.0000, 0.0000,  0, 255, 0
L 2960.0000, 5020.0000, 0.0000,  2960.0000, 5080.0000, 0.0000,  0, 255, 0
L 2960.0000, 5080.0000, 0.0000,  3000.0000, 5080.0000, 0.0000,  0, 255, 0
L 3020.0000, 5020.0000, 0.0000,  3020.0000, 5050.0000, 0.0000,  0, 255, 0
L 3020.0000, 5050.0000, 0.0000,  3020.0000, 5080.0000, 0.0000,  0, 255, 0
L 3020.0000, 5050.0000, 0.0000,  3040.0000, 5050.0000, 0.0000,  0, 255, 0
L 3060.0000, 5050.0000, 0.0000,  3060.0000, 5020.0000, 0.0000,  0, 255, 0
L 3020.0000, 5020.0000, 0.0000,  3060.0000, 5020.0000, 0.0000,  0, 255, 0
L 3040.0000, 5050.0000, 0.0000,  3060.0000, 5050.0000, 0.0000,  0, 255, 0
L 3060.0000, 5080.0000, 0.0000,  3040.0000, 5050.0000, 0.0000,  0, 255, 0
L 3080.0000, 5020.0000, 0.0000,  3080.0000, 5050.0000, 0.0000,  0, 255, 0
L 3080.0000, 5050.0000, 0.0000,  3080.0000, 5080.0000, 0.0000,  0, 255, 0
L 3080.0000, 5050.0000, 0.0000,  3100.0000, 5050.0000, 0.0000,  0, 255, 0
L 3120.0000, 5050.0000, 0.0000,  3120.0000, 5020.0000, 0.0000,  0, 255, 0
L 3080.0000, 5020.0000, 0.0000,  3120.0000, 5020.0000, 0.0000,  0, 255, 0
L 3100.0000, 5050.0000, 0.0000,  3120.0000, 5050.0000, 0.0000,  0, 255, 0
L 3120.0000, 5080.0000, 0.0000,  3100.0000, 5050.0000, 0.0000,  0, 255, 0
L 3140.0000, 5050.0000, 0.0000,  3170.0000, 5050.0000, 0.0000,  0, 255, 0
L 3140.0000, 5080.0000, 0.0000,  3170.0000, 5080.0000, 0.0000,  0, 255, 0
L 3140.0000, 5020.0000, 0.0000,  3140.0000, 5080.0000, 0.0000,  0, 255, 0
L 3170.0000, 5020.0000, 0.0000,  3140.0000, 5020.0000, 0.0000,  0, 255, 0
L 3220.0000, 5080.0000, 0.0000,  3220.0000, 5020.0000, 0.0000,  0, 255, 0
L 3190.0000, 5020.0000, 0.0000,  3220.0000, 5080.0000, 0.0000,  0, 255, 0
L 3190.0000, 5080.0000, 0.0000,  3190.0000, 5020.0000, 0.0000,  0, 255, 0
L 3270.0000, 5080.0000, 0.0000,  3240.0000, 5080.0000, 0.0000,  0, 255, 0
L 3240.0000, 5020.0000, 0.0000,  3270.0000, 5020.0000, 0.0000,  0, 255, 0
L 3240.0000, 5080.0000, 0.0000,  3240.0000, 5020.0000, 0.0000,  0, 255, 0
L 3310.0000, 5050.0000, 0.0000,  3310.0000, 5080.0000, 0.0000,  0, 255, 0
L 3310.0000, 5050.0000, 0.0000,  3330.0000, 5020.0000, 0.0000,  0, 255, 0
L 3290.0000, 5020.0000, 0.0000,  3310.0000, 5050.0000, 0.0000,  0, 255, 0
L 2500.0000, 5110.0000, 0.0000,  2500.0000, 5140.0000, 0.0000,  255, 0, 0
L 2500.0000, 5170.0000, 0.0000,  2540.0000, 5170.0000, 0.0000,  255, 0, 0
L 2540.0000, 5140.0000, 0.0000,  2500.0000, 5140.0000, 0.0000,  255, 0, 0
L 2500.0000, 5110.0000, 0.0000,  2540.0000, 5110.0000, 0.0000,  255, 0, 0
L 2540.0000, 5140.0000, 0.0000,  2540.0000, 5170.0000, 0.0000,  255, 0, 0
L 2600.0000, 5110.0000, 0.0000,  2600.0000, 5170.0000, 0.0000,  255, 0, 0
L 2560.0000, 5110.0000, 0.0000,  2560.0000, 5170.0000, 0.0000,  255, 0, 0
L 2560.0000, 5170.0000, 0.0000,  2600.0000, 5170.0000, 0.0000,  255, 0, 0
L 2650.0000, 5170.0000, 0.0000,  2620.0000, 5170.0000, 0.0000,  255, 0, 0
L 2620.0000, 5110.0000, 0.0000,  2650.0000, 5110.0000, 0.0000,  255, 0, 0
L 2620.0000, 5170.0000, 0.0000,  2620.0000, 5110.0000, 0.0000,  255, 0, 0
L 2700.0000, 5170.0000, 0.0000,  2670.0000, 5170.0000, 0.0000,  255, 0, 0
L 2670.0000, 5110.0000, 0.0000,  2700.0000, 5110.0000, 0.0000,  255, 0, 0
L 2670.0000, 5170.0000, 0.0000,  2670.0000, 5110.0000, 0.0000,  255, 0, 0
L 2720.0000, 5110.0000, 0.0000,  2750.0000, 5110.0000, 0.0000,  255, 0, 0
L 2720.0000, 5170.0000, 0.0000,  2750.0000, 5170.0000, 0.0000,  255, 0, 0
L 2720.0000, 5110.0000, 0.0000,  2720.0000, 5170.0000, 0.0000,  255, 0, 0
L 2750.0000, 5110.0000, 0.0000,  2750.0000, 5170.0000, 0.0000,  255, 0, 0
L 2770.0000, 5110.0000, 0.0000,  2770.0000, 5140.0000, 0.0000,  255, 0, 0
L 2770.0000, 5140.0000, 0.0000,  2770.0000, 5170.0000, 0.0000,  255, 0, 0
L 2770.0000, 5140.0000, 0.0000,  2790.0000, 5140.0000, 0.0000,  255, 0, 0
L 2810.0000, 5140.0000, 0.0000,  2810.0000, 5110.0000, 0.0000,  255, 0, 0
L 2770.0000, 5110.0000, 0.0000,  2810.0000, 5110.0000, 0.0000,  255, 0, 0
L 2790.0000, 5140.0000, 0.0000,  2810.0000, 5140.0000, 0.0000,  255, 0, 0
L 2810.0000, 5170.0000, 0.0000,  2790.0000, 5140.0000, 0.0000,  255, 0, 0
L 2520.0000, 5200.0000, 0.0000,  2520.0000, 5260.0000, 0.0000,  255, 255, 0
L 2500.0000, 5200.0000, 0.0000,  2540.0000, 5200.0000, 0.0000,  255, 255, 0
L 2560.0000, 5230.0000, 0.0000,  2590.0000, 5230.0000, 0.0000,  255, 255, 0
L 2560.0000, 5260.0000, 0.0000,  2590.0000, 5260.0000, 0.0000,  255, 255, 0
L 2560.0000, 5200.0000, 0.0000,  2560.0000, 5260.0000, 0.0000,  255, 255, 0
L 2590.0000, 5200.0000, 0.0000,  2560.0000, 5200.0000, 0.0000,  255, 255, 0
L 2610.0000, 5200.0000, 0.0000,  2610.0000, 5260.0000, 0.0000,  255, 255, 0
L 2650.0000, 5260.0000, 0.0000,  2610.0000, 5260.0000, 0.0000,  255, 255, 0
L 2670.0000, 5230.0000, 0.0000,  2700.0000, 5230.0000, 0.0000,  255, 255, 0
L 2670.0000, 5260.0000, 0.0000,  2700.0000, 5260.0000, 0.0000,  255, 255, 0
L 2670.0000, 5200.0000, 0.0000,  2670.0000, 5260.0000, 0.0000,  255, 255, 0
L 2700.0000, 5200.0000, 0.0000,  2670.0000, 5200.0000, 0.0000,  255, 255, 0
L 2750.0000, 5230.0000, 0.0000,  2720.0000, 5230.0000, 0.0000,  255, 255, 0
L 2750.0000, 5200.0000, 0.0000,  2750.0000, 5230.0000, 0.0000,  255, 255, 0
L 2720.0000, 5200.0000, 0.0000,  2750.0000, 5200.0000, 0.0000,  255, 255, 0
L 2720.0000, 5260.0000, 0.0000,  2720.0000, 5200.0000, 0.0000,  255, 255, 0
L 2770.0000, 5200.0000, 0.0000,  2800.0000, 5200.0000, 0.0000,  255, 255, 0
L 2770.0000, 5260.0000, 0.0000,  2800.0000, 5260.0000, 0.0000,  255, 255, 0
L 2770.0000, 5200.0000, 0.0000,  2770.0000, 5260.0000, 0.0000,  255, 255, 0
L 2800.0000, 5200.0000, 0.0000,  2800.0000, 5260.0000, 0.0000,  255, 255, 0
L 2820.0000, 5200.0000, 0.0000,  2820.0000, 5230.0000, 0.0000,  255, 255, 0
L 2820.0000, 5230.0000, 0.0000,  2820.0000, 5260.0000, 0.0000,  255, 255, 0
L 2820.0000, 5230.0000, 0.0000,  2840.0000, 5230.0000, 0.0000,  255, 255, 0
L 2860.0000, 5230.0000, 0.0000,  2860.0000, 5200.0000, 0.0000,  255, 255, 0
L 2820.0000, 5200.0000, 0.0000,  2860.0000, 5200.0000, 0.0000,  255, 255, 0
L 2840.0000, 5230.0000, 0.0000,  2860.0000, 5230.0000, 0.0000,  255, 255, 0
L 2860.0000, 5260.0000, 0.0000,  2840.0000, 5230.0000, 0.0000,  255, 255, 0
L 2900.0000, 5200.0000, 0.0000,  2900.0000, 5260.0000, 0.0000,  255, 255, 0
L 2880.0000, 5200.0000, 0.0000,  2920.0000, 5200.0000, 0.0000,  255, 255, 0
L 2520.0000, 5290.0000, 0.0000,  2520.0000, 5350.0000, 0.0000,  128, 0, 128
L 2500.0000, 5290.0000, 0.0000,  2540.0000, 5290.0000, 0.0000,  128, 0, 128
L 2560.0000, 5290.0000, 0.0000,  2560.0000, 5320.0000, 0.0000,  128, 0, 128
L 2560.0000, 5320.0000, 0.0000,  2560.0000, 5350.0000, 0.0000,  128, 0, 128
L 2560.0000, 5320.0000, 0.0000,  2580.0000, 5320.0000, 0.0000,  128, 0, 128
L 2600.0000, 5320.0000, 0.0000,  2600.0000, 5290.0000, 0.0000,  128, 0, 128
L 2560.0000, 5290.0000, 0.0000,  2600.0000, 5290.0000, 0.0000,  128, 0, 128
L 2580.0000, 5320.0000, 0.0000,  2600.0000, 5320.0000, 0.0000,  128, 0, 128
L 2600.0000, 5350.0000, 0.0000,  2580.0000, 5320.0000, 0.0000,  128, 0, 128
L 2630.0000, 5320.0000, 0.0000,  2650.0000, 5320.0000, 0.0000,  128, 0, 128
L 2640.0000, 5290.0000, 0.0000,  2660.0000, 5350.0000, 0.0000,  128, 0, 128
L 2620.0000, 5350.0000, 0.0000,  2640.0000, 5290.0000, 0.0000,  128, 0, 128
L 2690.0000, 5350.0000, 0.0000,  2690.0000, 5290.0000, 0.0000,  128, 0, 128
L 2700.0000, 5350.0000, 0.0000,  2680.0000, 5350.0000, 0.0000,  128, 0, 128
L 2710.0000, 5320.0000, 0.0000,  2700.0000, 5350.0000, 0.0000,  128, 0, 128
L 2700.0000, 5290.0000, 0.0000,  2710.0000, 5320.0000, 0.0000,  128, 0, 128
L 2680.0000, 5290.0000, 0.0000,  2700.0000, 5290.0000, 0.0000,  128, 0, 128
L 2730.0000, 5320.0000, 0.0000,  2760.0000, 5320.0000, 0.0000,  128, 0, 128
L 2730.0000, 5350.0000, 0.0000,  2760.0000, 5350.0000, 0.0000,  128, 0, 128
L 2730.0000, 5290.0000, 0.0000,  2730.0000, 5350.0000, 0.0000,  128, 0, 128
L 2760.0000, 5290.0000, 0.0000,  2730.0000, 5290.0000, 0.0000,  128, 0, 128
L 2780.0000, 5290.0000, 0.0000,  2780.0000, 5320.0000, 0.0000,  128, 0, 128
L 2780.0000, 5350.0000, 0.0000,  2820.0000, 5350.0000, 0.0000,  128, 0, 128
L 2820.0000, 5320.0000, 0.0000,  2780.0000, 5320.0000, 0.0000,  128, 0, 128
L 2780.0000, 5290.0000, 0.0000,  2820.0000, 5290.0000, 0.0000,  128, 0, 128
L 2820.0000, 5320.0000, 0.0000,  2820.0000, 5350.0000, 0.0000,  128, 0, 128
L 2840.0000, 5290.0000, 0.0000,  2840.0000, 5320.0000, 0.0000,  128, 0, 128
L 2840.0000, 5320.0000, 0.0000,  2840.0000, 5350.0000, 0.0000,  128, 0, 128
L 2840.0000, 5320.0000, 0.0000,  2880.0000, 5350.0000, 0.0000,  128, 0, 128
L 2840.0000, 5320.0000, 0.0000,  2880.0000, 5290.0000, 0.0000,  128, 0, 128
L 2900.0000, 5290.0000, 0.0000,  2900.0000, 5350.0000, 0.0000,  128, 0, 128
L 2920.0000, 5290.0000, 0.0000,  2920.0000, 5350.0000, 0.0000,  128, 0, 128
L 2960.0000, 5350.0000, 0.0000,  2920.0000, 5350.0000, 0.0000,  128, 0, 128
L 2980.0000, 5290.0000, 0.0000,  2980.0000, 5350.0000, 0.0000,  128, 0, 128
L 3020.0000, 5350.0000, 0.0000,  2980.0000, 5350.0000, 0.0000,  128, 0, 128
L 3130.0000, 5350.0000, 0.0000,  3100.0000, 5350.0000, 0.0000,  128, 0, 128
L 3100.0000, 5290.0000, 0.0000,  3130.0000, 5290.0000, 0.0000,  128, 0, 128
L 3100.0000, 5350.0000, 0.0000,  3100.0000, 5290.0000, 0.0000,  128, 0, 128
L 3150.0000, 5290.0000, 0.0000,  3180.0000, 5290.0000, 0.0000,  128, 0, 128
L 3150.0000, 5350.0000, 0.0000,  3180.0000, 5350.0000, 0.0000,  128, 0, 128
L 3150.0000, 5290.0000, 0.0000,  3150.0000, 5350.0000, 0.0000,  128, 0, 128
L 3180.0000, 5290.0000, 0.0000,  3180.0000, 5350.0000, 0.0000,  128, 0, 128
L 3230.0000, 5350.0000, 0.0000,  3230.0000, 5290.0000, 0.0000,  128, 0, 128
L 3200.0000, 5290.0000, 0.0000,  3230.0000, 5350.0000, 0.0000,  128, 0, 128
L 3200.0000, 5350.0000, 0.0000,  3200.0000, 5290.0000, 0.0000,  128, 0, 128
L 3270.0000, 5290.0000, 0.0000,  3270.0000, 5350.0000, 0.0000,  128, 0, 128
L 3250.0000, 5290.0000, 0.0000,  3290.0000, 5290.0000, 0.0000,  128, 0, 128
L 3320.0000, 5320.0000, 0.0000,  3340.0000, 5320.0000, 0.0000,  128, 0, 128
L 3330.0000, 5290.0000, 0.0000,  3350.0000, 5350.0000, 0.0000,  128, 0, 128
L 3310.0000, 5350.0000, 0.0000,  3330.0000, 5290.0000, 0.0000,  128, 0, 128
L 3370.0000, 5290.0000, 0.0000,  3370.0000, 5350.0000, 0.0000,  128, 0, 128
L 3420.0000, 5350.0000, 0.0000,  3420.0000, 5290.0000, 0.0000,  128, 0, 128
L 3390.0000, 5290.0000, 0.0000,  3420.0000, 5350.0000, 0.0000,  128, 0, 128
L 3390.0000, 5350.0000, 0.0000,  3390.0000, 5290.0000, 0.0000,  128, 0, 128
L 3440.0000, 5320.0000, 0.0000,  3470.0000, 5320.0000, 0.0000,  128, 0, 128
L 3440.0000, 5350.0000, 0.0000,  3470.0000, 5350.0000, 0.0000,  128, 0, 128
L 3440.0000, 5290.0000, 0.0000,  3440.0000, 5350.0000, 0.0000,  128, 0, 128
L 3470.0000, 5290.0000, 0.0000,  3440.0000, 5290.0000, 0.0000,  128, 0, 128
L 3490.0000, 5290.0000, 0.0000,  3490.0000, 5320.0000, 0.0000,  128, 0, 128
L 3490.0000, 5320.0000, 0.0000,  3490.0000, 5350.0000, 0.0000,  128, 0, 128
L 3490.0000, 5320.0000, 0.0000,  3510.0000, 5320.0000, 0.0000,  128, 0, 128
L 3530.0000, 5320.0000, 0.0000,  3530.0000, 5290.0000, 0.0000,  128, 0, 128
L 3490.0000, 5290.0000, 0.0000,  3530.0000, 5290.0000, 0.0000,  128, 0, 128
L 3510.0000, 5320.0000, 0.0000,  3530.0000, 5320.0000, 0.0000,  128, 0, 128
L 3530.0000, 5350.0000, 0.0000,  3510.0000, 5320.0000, 0.0000,  128, 0, 128
L 2520.0000, 5380.0000, 0.0000,  2520.0000, 5440.0000, 0.0000,  255, 255, 0
L 2500.0000, 5380.0000, 0.0000,  2540.0000, 5380.0000, 0.0000,  255, 255, 0
L 2560.0000, 5380.0000, 0.0000,  2560.0000, 5410.0000, 0.0000,  255, 255, 0
L 2560.0000, 5410.0000, 0.0000,  2560.0000, 5440.0000, 0.0000,  255, 255, 0
L 2560.0000, 5410.0000, 0.0000,  2580.0000, 5410.0000, 0.0000,  255, 255, 0
L 2600.0000, 5410.0000, 0.0000,  2600.0000, 5380.0000, 0.0000,  255, 255, 0
L 2560.0000, 5380.0000, 0.0000,  2600.0000, 5380.0000, 0.0000,  255, 255, 0
L 2580.0000, 5410.0000, 0.0000,  2600.0000, 5410.0000, 0.0000,  255, 255, 0
L 2600.0000, 5440.0000, 0.0000,  2580.0000, 5410.0000, 0.0000,  255, 255, 0
L 2630.0000, 5410.0000, 0.0000,  2650.0000, 5410.0000, 0.0000,  255, 255, 0
L 2640.0000, 5380.0000, 0.0000,  2660.0000, 5440.0000, 0.0000,  255, 255, 0
L 2620.0000, 5440.0000, 0.0000,  2640.0000, 5380.0000, 0.0000,  255, 255, 0
L 2710.0000, 5410.0000, 0.0000,  2680.0000, 5410.0000, 0.0000,  255, 255, 0
L 2710.0000, 5380.0000, 0.0000,  2710.0000, 5410.0000, 0.0000,  255, 255, 0
L 2680.0000, 5380.0000, 0.0000,  2710.0000, 5380.0000, 0.0000,  255, 255, 0
L 2680.0000, 5440.0000, 0.0000,  2680.0000, 5380.0000, 0.0000,  255, 255, 0
L 2530.0000, 5470.0000, 0.0000,  2500.0000, 5470.0000, 0.0000,  255, 0, 0
L 2500.0000, 5530.0000, 0.0000,  2530.0000, 5470.0000, 0.0000,  255, 0, 0
L 2500.0000, 5530.0000, 0.0000,  2530.0000, 5530.0000, 0.0000,  255, 0, 0
L 2550.0000, 5470.0000, 0.0000,  2580.0000, 5470.0000, 0.0000,  255, 0, 0
L 2550.0000, 5530.0000, 0.0000,  2580.0000, 5530.0000, 0.0000,  255, 0, 0
L 2550.0000, 5470.0000, 0.0000,  2550.0000, 5530.0000, 0.0000,  255, 0, 0
L 2580.0000, 5470.0000, 0.0000,  2580.0000, 5530.0000, 0.0000,  255, 0, 0
L 2630.0000, 5530.0000, 0.0000,  2630.0000, 5470.0000, 0.0000,  255, 0, 0
L 2600.0000, 5470.0000, 0.0000,  2630.0000, 5530.0000, 0.0000,  255, 0, 0
L 2600.0000, 5530.0000, 0.0000,  2600.0000, 5470.0000, 0.0000,  255, 0, 0
L 2650.0000, 5500.0000, 0.0000,  2680.0000, 5500.0000, 0.0000,  255, 0, 0
L 2650.0000, 5530.0000, 0.0000,  2680.0000, 5530.0000, 0.0000,  255, 0, 0
L 2650.0000, 5470.0000, 0.0000,  2650.0000, 5530.0000, 0.0000,  255, 0, 0
L 2680.0000, 5470.0000, 0.0000,  2650.0000, 5470.0000, 0.0000,  255, 0, 0
P 1500.0000, 3700.0000, 0.0000,  0, 0, 0,  2,  Original_Map:_Brewall_Rainsinger
P 1500.0000, 3900.0000, 0.0000,  0, 0, 0,  2,  http://www.eqmaps.info
P 1500.0000, 4100.0000, 0.0000,  0, 0, 0,  2,  Return_of_the_Exiled_(www.roteguild.org)
P 1500.0000, 4300.0000, 0.0000,  240, 240, 0,  2,  Weapon_Fragments_ground_spawn
P 1500.0000, 4500.0000, 0.0000,  240, 240, 240,  2,  Spoils_of_War_ground_spawn
P 1500.0000, 4700.0000, 0.0000,  0, 0, 0,  2,  Pieces_of_a_Civilization_mob_drop
P 1500.0000, 4900.0000, 0.0000,  0, 0, 0,  2,  Chilly_Critters_mob_drop
P 1500.0000, 5100.0000, 0.0000,  127, 64, 0,  2,  Black_Fang_PH=a_storm_giant_soldier
P 1500.0000, 5300.0000, 0.0000,  127, 64, 0,  2,  Direfang_PH=a_restless_direwolf
P 1500.0000, 5500.0000, 0.0000,  127, 64, 0,  2,  Drendar_Blackblade_PH=a_storm_giant_soldier
P 1500.0000, 5700.0000, 0.0000,  127, 64, 0,  2,  Fjokar_Frozenshard_PH=a_storm_giant_soldier
P 1500.0000, 5900.0000, 0.0000,  127, 64, 0,  2,  Irrek_Bloodfist_PH=a_storm_giant_soldier
P 1500.0000, 6100.0000, 0.0000,  127, 64, 0,  2,  Kallis_Stormcaller_PH=a_storm_giant_soldier
P 1500.0000, 6300.0000, 0.0000,  127, 64, 0,  2,  Keldor_Dek`Torek_PH=a_storm_giant_soldier
P 1500.0000, 6500.0000, 0.0000,  127, 64, 0,  2,  Klraggek_the_Slayer_PH=a_storm_giant_soldier
P 1500.0000, 6700.0000, 0.0000,  127, 64, 0,  2,  Velden_Dragonbane_PH=a_storm_giant_soldier
P 1500.0000, 6900.0000, 0.0000,  127, 64, 0,  2,  Vkjen_Thunderslayer_PH=a_storm_giant_soldier
