P -719.2957, -1013.6230, -37.9903,  0, 127, 127,  2,  Tilly_Rocksmelt_(Quests)
P -214.0123, -1217.0481, -30.6542,  0, 127, 127,  2,  Bawjitsia_Jaradh_(Quests)
P 217.0825, -1434.6863, -158.0127,  240, 240, 0,  2,  Hole_to_lower_level
P -1875.4639, 37.5128, -39.1728,  240, 0, 0,  3,  to_Western_Wastes
P 1662.5298, -171.0046, -258.9676,  240, 240, 0,  2,  TRAP
P 1468.5768, -307.1516, -255.0563,  240, 240, 0,  2,  TRAP
P 682.1691, -1047.5529, -261.5329,  240, 240, 0,  2,  TRAP
P 736.8192, -1260.2345, -248.2357,  240, 240, 0,  2,  TRAP
P 2764.0115, 205.7176, -182.9609,  0, 0, 0,  2,  Diatonich`s_Corpse
P 611.0884, -392.8064, -223.2990,  240, 240, 0,  2,  One-Way_(North)
P 1203.2001, 275.6628, -289.7307,  127, 64, 0,  2,  Restless_Vaniki_(Hunter)
P 296.2757, 178.3052, -274.3338,  0, 0, 0,  1,  Restless_Vaniki_(Hunter)
P 2569.5049, -110.7330, -9.0446,  0, 0, 0,  2,  Riyaht_Lqahla
P -1843.7206, 218.5891, -39.1727,  0, 127, 127,  2,  Researcher_Robin_(Quests)
P 383.0521, -1714.9447, -33.2003,  0, 127, 127,  2,  Quincy_Algernope_(Quests)
