L 176.6000, 29.6000, 42.3000,  129.2000, 27.2000, 42.5000,  0, 0, 0
L 129.2000, 27.2000, 42.5000,  69.5000, 30.0000, 42.4000,  0, 0, 0
L -34.0000, 76.6000, 32.3000,  -24.5000, 79.8000, 29.8000,  0, 255, 0
L -24.5000, 79.8000, 29.8000,  -2.3000, 84.9000, 27.6000,  0, 255, 0
L -2.9000, 45.5000, 27.6000,  -25.4000, 51.3000, 29.6000,  0, 255, 0
L -25.4000, 51.3000, 29.6000,  -45.2000, 58.0000, 35.7000,  0, 255, 0
L -45.2000, 58.0000, 35.7000,  -67.0000, 65.4000, 39.9000,  0, 255, 0
L 32.4000, 92.5000, 42.4000,  70.0000, 97.1000, 41.8000,  0, 0, 0
L 70.0000, 97.1000, 41.8000,  93.2000, 97.4000, 41.8000,  0, 0, 0
L 93.2000, 97.4000, 41.8000,  130.3000, 98.6000, 41.8000,  0, 0, 0
L 130.3000, 98.6000, 41.8000,  145.6000, 98.0000, 41.8000,  0, 0, 0
L 145.6000, 98.0000, 41.8000,  177.2000, 96.1000, 41.8000,  0, 0, 0
L 177.2000, 96.1000, 41.8000,  177.2000, 91.3000, 41.8000,  0, 0, 0
L 177.1000, 79.9000, 41.8000,  177.0000, 78.7000, 41.8000,  0, 0, 0
L 177.0000, 78.7000, 41.8000,  178.2000, 78.7000, 41.8000,  0, 0, 0
L 179.4000, 78.6000, 41.8000,  179.5000, 90.0000, 41.8000,  0, 0, 0
L 179.5000, 90.0000, 41.8000,  184.8000, 89.9000, 41.8000,  0, 0, 0
L 184.8000, 89.9000, 41.8000,  210.5000, 87.2000, 41.8000,  0, 0, 0
L 210.5000, 87.2000, 41.8000,  210.3000, 65.2000, 41.8000,  0, 0, 0
L 210.3000, 65.2000, 41.8000,  197.9000, 65.2000, 41.8000,  0, 0, 0
L 197.9000, 62.3000, 41.8000,  212.3000, 62.1000, 42.0000,  0, 0, 0
L 197.9000, 65.2000, 41.8000,  197.9000, 62.3000, 41.8000,  0, 0, 0
L 212.3000, 62.1000, 41.9000,  212.5000, 87.1000, 41.8000,  0, 0, 0
L 212.5000, 87.1000, 41.8000,  230.1000, 86.9000, 41.8000,  0, 0, 0
L 230.1000, 86.9000, 41.8000,  229.6000, 38.3000, 41.8000,  0, 0, 0
L 229.6000, 38.3000, 41.8000,  215.3000, 38.5000, 41.8000,  0, 0, 0
L 215.3000, 38.5000, 41.8000,  179.0000, 36.4000, 41.8000,  0, 0, 0
L 179.0000, 36.4000, 41.8000,  179.1000, 47.6000, 41.8000,  0, 0, 0
L 179.2000, 57.4000, 41.8000,  184.8000, 57.4000, 41.8000,  0, 0, 0
L 184.8000, 57.4000, 41.8000,  187.0000, 59.5000, 41.8000,  0, 0, 0
L 187.0000, 59.5000, 41.8000,  187.6000, 62.3000, 41.8000,  0, 0, 0
L 187.6000, 62.3000, 41.8000,  191.3000, 62.3000, 41.8000,  0, 0, 0
L 191.3000, 62.3000, 41.8000,  191.3000, 65.3000, 41.8000,  0, 0, 0
L 191.3000, 65.3000, 41.8000,  187.5000, 65.3000, 41.8000,  0, 0, 0
L 187.5000, 65.3000, 41.8000,  187.1000, 66.6000, 41.8000,  0, 0, 0
L 184.9000, 68.8000, 41.8000,  179.3000, 68.8000, 41.8000,  0, 0, 0
L 179.3000, 68.8000, 41.8000,  179.3000, 71.4000, 41.8000,  0, 0, 0
L 179.3000, 71.4000, 41.8000,  178.2000, 71.4000, 41.8000,  0, 0, 0
L 176.6000, 34.9000, 41.8000,  176.6000, 29.6000, 42.3000,  0, 0, 0
L 176.9000, 55.0000, 41.8000,  178.0000, 55.0000, 41.8000,  0, 0, 0
L 176.7000, 46.3000, 41.8000,  176.8000, 47.6000, 41.8000,  0, 0, 0
L 176.8000, 47.6000, 41.8000,  178.0000, 47.6000, 41.8000,  0, 0, 0
L 13.6000, 91.6000, 27.6000,  26.8000, 94.6000, 27.2000,  0, 255, 0
L 26.8000, 94.6000, 27.2000,  26.6000, 75.2000, 27.2000,  0, 255, 0
L 26.6000, 75.2000, 27.2000,  29.0000, 75.3000, 27.1000,  0, 255, 0
L 29.0000, 75.3000, 27.1000,  29.1000, 95.1000, 27.1000,  0, 255, 0
L 29.1000, 95.1000, 27.1000,  55.1000, 100.2000, 26.2000,  0, 255, 0
L 55.1000, 100.2000, 26.2000,  55.0000, 95.6000, 26.2000,  0, 255, 0
L 55.0000, 95.6000, 26.1000,  57.4000, 95.6000, 26.1000,  0, 255, 0
L 57.4000, 95.6000, 26.1000,  57.3000, 101.3000, 26.1000,  0, 255, 0
L 57.3000, 101.3000, 26.1000,  71.8000, 104.0000, 25.6000,  0, 255, 0
L 71.8000, 104.0000, 25.6000,  114.6000, 106.4000, 25.6000,  0, 255, 0
L 114.6000, 106.4000, 25.6000,  114.3000, 67.1000, 25.6000,  0, 255, 0
L 114.3000, 67.1000, 25.6000,  117.5000, 67.1000, 25.6000,  0, 255, 0
L 117.5000, 67.1000, 25.6000,  117.9000, 106.6000, 25.6000,  0, 255, 0
L 117.9000, 106.6000, 25.6000,  129.7000, 107.1000, 25.6000,  0, 255, 0
L 129.7000, 107.1000, 25.6000,  178.1000, 103.8000, 25.6000,  0, 255, 0
L 178.1000, 103.8000, 25.6000,  201.8000, 98.1000, 25.6000,  0, 255, 0
L 201.8000, 98.1000, 25.6000,  201.6000, 84.7000, 25.6000,  0, 255, 0
L 201.6000, 84.7000, 25.6000,  194.6000, 84.8000, 25.6000,  0, 255, 0
L 194.6000, 84.8000, 25.6000,  194.6000, 79.1000, 25.6000,  0, 255, 0
L 194.6000, 79.1000, 25.6000,  204.4000, 79.0000, 25.6000,  0, 255, 0
L 204.4000, 79.0000, 25.6000,  204.9000, 97.3000, 25.6000,  0, 255, 0
L 204.9000, 97.3000, 25.6000,  229.5000, 91.4000, 25.6000,  0, 255, 0
L 229.5000, 91.4000, 25.6000,  228.9000, 34.0000, 25.6000,  0, 255, 0
L 228.9000, 34.0000, 25.6000,  204.0000, 28.4000, 25.6000,  0, 255, 0
L 204.0000, 28.4000, 25.6000,  204.2000, 47.0000, 25.6000,  0, 255, 0
L 204.2000, 47.0000, 25.6000,  194.2000, 47.0000, 25.6000,  0, 255, 0
L 194.2000, 47.0000, 25.6000,  194.2000, 41.4000, 25.6000,  0, 255, 0
L 194.2000, 41.4000, 25.6000,  201.2000, 41.3000, 25.6000,  0, 255, 0
L 201.2000, 41.3000, 25.6000,  201.2000, 27.7000, 25.6000,  0, 255, 0
L 201.2000, 27.7000, 25.6000,  177.4000, 22.5000, 25.6000,  0, 255, 0
L 177.4000, 22.5000, 25.6000,  128.8000, 20.0000, 25.6000,  0, 255, 0
L 128.8000, 20.0000, 25.6000,  116.9000, 20.9000, 25.6000,  0, 255, 0
L 116.9000, 20.9000, 25.6000,  117.5000, 60.4000, 25.6000,  0, 255, 0
L 117.5000, 60.4000, 25.6000,  114.2000, 60.3000, 25.6000,  0, 255, 0
L 114.2000, 60.3000, 25.6000,  113.8000, 21.3000, 25.6000,  0, 255, 0
L 113.8000, 21.3000, 25.6000,  70.2000, 24.3000, 25.6000,  0, 255, 0
L 70.2000, 24.3000, 25.6000,  56.7000, 27.4000, 26.1000,  0, 255, 0
L 56.7000, 27.4000, 26.1000,  57.3000, 88.0000, 26.1000,  0, 255, 0
L 57.3000, 88.0000, 26.1000,  54.9000, 88.0000, 26.1000,  0, 255, 0
L 54.9000, 88.0000, 26.2000,  54.7000, 66.1000, 26.2000,  0, 255, 0
L 54.7000, 66.1000, 26.2000,  28.9000, 66.2000, 27.1000,  0, 255, 0
L 28.9000, 66.2000, 27.1000,  28.9000, 68.9000, 27.1000,  0, 255, 0
L 28.9000, 68.9000, 27.1000,  26.6000, 68.9000, 27.2000,  0, 255, 0
L 26.6000, 68.9000, 27.2000,  26.5000, 63.9000, 27.2000,  0, 255, 0
L 26.5000, 63.9000, 27.2000,  54.7000, 63.6000, 26.4000,  0, 255, 0
L 54.7000, 63.6000, 26.2000,  54.3000, 28.1000, 26.2000,  0, 255, 0
L 54.3000, 28.1000, 26.2000,  27.6000, 33.5000, 25.6000,  0, 255, 0
L 27.6000, 33.5000, 25.6000,  25.7000, 34.2000, 27.2000,  0, 255, 0
L 25.7000, 34.2000, 27.2000,  13.6000, 37.4000, 27.6000,  0, 255, 0
L 177.1000, 84.9000, 25.6000,  176.7000, 41.6000, 25.6000,  0, 255, 0
L 176.7000, 41.6000, 25.6000,  185.7000, 41.5000, 25.6000,  0, 255, 0
L 185.7000, 41.5000, 25.6000,  185.7000, 47.2000, 25.6000,  0, 255, 0
L 185.7000, 47.2000, 25.6000,  179.7000, 47.2000, 25.6000,  0, 255, 0
L 179.7000, 47.2000, 25.6000,  180.0000, 79.2000, 25.6000,  0, 255, 0
L 180.0000, 79.2000, 25.6000,  186.0000, 79.2000, 25.6000,  0, 255, 0
L 186.0000, 79.2000, 25.6000,  186.1000, 84.8000, 25.6000,  0, 255, 0
L 186.1000, 84.8000, 25.6000,  177.1000, 84.9000, 25.6000,  0, 255, 0
L 60.0000, 95.4000, 11.2000,  81.4000, 97.8000, 10.8000,  0, 127, 0
L 81.4000, 97.8000, 10.8000,  106.4000, 98.6000, 10.6000,  0, 127, 0
L 106.4000, 98.6000, 10.6000,  130.5000, 99.5000, 10.4000,  0, 127, 0
L 84.9000, 30.1000, 10.8000,  106.4000, 28.8000, 10.6000,  0, 127, 0
L 106.4000, 28.8000, 10.6000,  137.5000, 28.5000, 10.4000,  0, 127, 0
L 141.1000, 30.4000, -5.1000,  141.4000, 49.3000, -5.1000,  0, 240, 240
L 151.1000, 30.8000, -5.1000,  141.1000, 30.4000, -5.1000,  0, 240, 240
L 75.2000, 33.6000, -5.1000,  66.2000, 35.0000, -5.1000,  0, 240, 240
L 102.5000, 31.6000, -5.1000,  99.3000, 32.2000, -5.1000,  0, 240, 240
L 99.3000, 32.2000, -5.1000,  75.2000, 33.6000, -5.1000,  0, 240, 240
L -21.3000, 75.3000, -5.1000,  -1.6000, 77.2000, -5.1000,  0, 240, 240
L 17.5000, 46.0000, -5.1000,  37.2000, 39.9000, -5.1000,  0, 240, 240
L -7.7000, 49.5000, -5.1000,  -21.6000, 54.7000, -5.1000,  0, 240, 240
L 115.5000, 95.9000, -5.1000,  116.4000, 77.7000, -5.1000,  0, 240, 240
L 116.4000, 77.7000, -5.1000,  140.4000, 77.2000, -5.1000,  0, 240, 240
L -1.6000, 77.2000, -5.1000,  12.6000, 84.5000, -5.1000,  0, 240, 240
L 12.6000, 84.5000, -5.1000,  45.3000, 87.9000, -5.1000,  0, 240, 240
L -21.6000, 54.7000, -5.1000,  -21.3000, 75.3000, -5.1000,  0, 240, 240
L -0.8000, 49.9000, -5.1000,  -7.7000, 49.5000, -5.1000,  0, 240, 240
L 140.4000, 77.2000, -5.1000,  152.6000, 75.6000, -5.1000,  0, 240, 240
L 152.6000, 75.6000, -5.1000,  154.6000, 95.7000, -5.1000,  0, 240, 240
L 192.5000, 88.7000, -5.1000,  192.2000, 68.4000, -5.1000,  0, 240, 240
L 116.4000, 49.4000, -5.1000,  114.9000, 32.0000, -5.1000,  0, 240, 240
L 141.4000, 49.3000, -5.1000,  116.4000, 49.4000, -5.1000,  0, 240, 240
L 155.1000, 31.0000, -5.1000,  151.1000, 30.8000, -5.1000,  0, 240, 240
L 192.0000, 37.3000, -5.1000,  155.1000, 31.0000, -5.1000,  0, 240, 240
L 47.5000, 38.2000, -5.1000,  37.2000, 39.9000, -5.1000,  0, 240, 240
L 114.9000, 32.0000, -5.1000,  102.5000, 31.6000, -5.1000,  0, 240, 240
L 195.6000, 57.8000, -5.1000,  192.2000, 57.7000, -5.1000,  0, 240, 240
L 192.2000, 57.7000, -5.1000,  192.0000, 37.3000, -5.1000,  0, 240, 240
L 66.2000, 35.0000, -5.1000,  47.5000, 38.2000, -5.1000,  0, 240, 240
L -0.8000, 49.9000, -5.1000,  17.5000, 46.0000, -5.1000,  0, 240, 240
L 109.4000, 96.4000, -5.1000,  115.5000, 95.9000, -5.1000,  0, 240, 240
L 78.9000, 94.8000, -5.1000,  95.5000, 95.6000, -5.1000,  0, 240, 240
L 45.3000, 87.9000, -5.1000,  72.2000, 93.3000, -5.1000,  0, 240, 240
L 72.2000, 93.3000, -5.1000,  78.9000, 94.8000, -5.1000,  0, 240, 240
L 95.5000, 95.6000, -5.1000,  109.4000, 96.4000, -5.1000,  0, 240, 240
L 154.6000, 95.7000, -5.1000,  192.5000, 88.7000, -5.1000,  0, 240, 240
L 13.6000, 37.4000, 27.6000,  13.4000, 60.8000, 27.6000,  0, 255, 0
L 13.4000, 60.8000, 27.6000,  11.2000, 60.9000, 27.6000,  0, 255, 0
L 9.0000, 68.5000, 27.6000,  11.3000, 68.5000, 27.6000,  0, 255, 0
L 8.9000, 60.9000, 27.6000,  8.8000, 56.3000, 27.6000,  0, 255, 0
L 13.4000, 63.4000, 27.6000,  13.4000, 66.0000, 27.6000,  205, 133, 63
L 11.2000, 60.9000, 27.6000,  8.9000, 60.9000, 27.6000,  0, 255, 0
L 11.2000, 60.9000, 27.6000,  11.2000, 63.4000, 27.6000,  205, 133, 63
L 13.4000, 63.4000, 27.6000,  11.2000, 63.4000, 27.6000,  205, 133, 63
L 13.4000, 66.0000, 27.6000,  11.2000, 66.0000, 27.6000,  205, 133, 63
L 11.2000, 66.0000, 27.6000,  8.9000, 66.0000, 27.6000,  205, 133, 63
L 11.3000, 68.5000, 27.6000,  13.4000, 68.5000, 27.6000,  0, 255, 0
L 11.2000, 66.0000, 27.6000,  11.3000, 68.5000, 27.6000,  205, 133, 63
L 8.8000, 63.4000, 27.6000,  8.9000, 66.0000, 27.6000,  205, 133, 63
L 179.7000, 96.1000, 10.4000,  209.5000, 89.1000, 10.4000,  0, 127, 0
L 176.6000, 28.5000, 10.4000,  176.7000, 43.1000, 10.4000,  0, 127, 0
L 137.5000, 28.5000, 10.4000,  176.6000, 28.5000, 10.4000,  0, 127, 0
L 130.5000, 99.5000, 10.4000,  177.2000, 96.9000, 10.4000,  0, 127, 0
L 177.2000, 96.9000, 10.4000,  176.9000, 66.7000, 10.4000,  0, 127, 0
L 179.4000, 59.9000, 10.4000,  176.9000, 59.9000, 10.4000,  0, 127, 0
L 176.9000, 59.9000, 10.4000,  176.8000, 46.0000, 10.4000,  0, 127, 0
L 179.1000, 29.1000, 10.4000,  179.4000, 59.9000, 10.4000,  0, 127, 0
L 176.9000, 66.7000, 10.4000,  179.5000, 66.6000, 10.4000,  0, 127, 0
L 179.5000, 66.6000, 10.4000,  179.7000, 96.1000, 10.4000,  0, 127, 0
L 209.1000, 36.8000, 10.4000,  179.1000, 29.1000, 10.4000,  0, 127, 0
L 194.6000, 78.3000, 10.4000,  194.3000, 49.4000, 10.4000,  0, 127, 0
L 176.7000, 43.1000, 10.4000,  100.7000, 43.5000, 10.4000,  0, 127, 0
L 100.7000, 47.4000, 10.4000,  176.8000, 46.0000, 10.4000,  0, 127, 0
L 100.7000, 47.4000, 10.4000,  100.7000, 43.5000, 10.4000,  0, 127, 0
L 27.6000, 33.6000, 26.2000,  27.8000, 35.9000, 24.4000,  0, 127, 0
L 27.9000, 51.2000, 11.9000,  40.9000, 51.1000, 11.9000,  150, 150, 150
L 41.0000, 33.5000, 26.2000,  41.0000, 35.7000, 24.4000,  0, 127, 0
L 27.6000, 33.6000, 26.2000,  41.0000, 33.5000, 26.2000,  150, 150, 150
L 27.8000, 42.4000, 19.0000,  27.8000, 44.6000, 17.2000,  0, 127, 0
L 41.0000, 42.3000, 19.0000,  41.0000, 44.5000, 17.2000,  0, 127, 0
L 27.8000, 42.4000, 19.0000,  41.0000, 42.3000, 19.0000,  150, 150, 150
L 27.8000, 38.1000, 22.6000,  27.8000, 40.2000, 20.8000,  0, 127, 0
L 40.9000, 38.1000, 22.5000,  41.0000, 40.1000, 20.8000,  0, 127, 0
L 27.8000, 38.1000, 22.6000,  40.9000, 38.1000, 22.5000,  150, 150, 150
L 27.8000, 35.9000, 24.4000,  27.8000, 38.1000, 22.6000,  0, 127, 0
L 41.0000, 35.7000, 24.4000,  40.9000, 38.1000, 22.5000,  0, 127, 0
L 27.8000, 35.9000, 24.4000,  41.0000, 35.7000, 24.4000,  150, 150, 150
L 27.8000, 40.2000, 20.8000,  27.8000, 42.4000, 19.0000,  0, 127, 0
L 41.0000, 40.1000, 20.8000,  41.0000, 42.3000, 19.0000,  0, 127, 0
L 27.8000, 40.2000, 20.8000,  41.0000, 40.1000, 20.8000,  150, 150, 150
L 27.9000, 46.8000, 15.4000,  27.9000, 49.0000, 13.7000,  0, 127, 0
L 41.0000, 46.7000, 15.5000,  41.1000, 48.9000, 13.7000,  0, 127, 0
L 27.9000, 46.8000, 15.4000,  41.0000, 46.7000, 15.5000,  150, 150, 150
L 27.8000, 44.6000, 17.2000,  27.9000, 46.8000, 15.4000,  0, 127, 0
L 41.0000, 44.5000, 17.2000,  41.0000, 46.7000, 15.5000,  0, 127, 0
L 27.8000, 44.6000, 17.2000,  41.0000, 44.5000, 17.2000,  150, 150, 150
L 27.9000, 49.0000, 13.7000,  27.9000, 51.2000, 11.9000,  0, 127, 0
L 41.1000, 48.9000, 13.7000,  40.9000, 51.1000, 11.9000,  0, 127, 0
L 27.9000, 49.0000, 13.7000,  41.1000, 48.9000, 13.7000,  150, 150, 150
L 202.2000, 47.0000, 69.9000,  202.2000, 46.9000, 69.9000,  127, 0, 0
L 202.2000, 43.5000, 69.9000,  238.2000, 43.2000, 69.9000,  127, 0, 0
L 238.5000, 80.9000, 69.9000,  238.2000, 43.2000, 69.9000,  127, 0, 0
L 238.5000, 80.9000, 69.9000,  202.5000, 81.3000, 69.9000,  127, 0, 0
L 202.3000, 55.5000, 69.9000,  199.0000, 55.6000, 66.3000,  127, 0, 0
L 189.3000, 47.1000, 55.6000,  192.5000, 47.0000, 59.2000,  127, 0, 0
L 202.2000, 43.5000, 69.9000,  202.2000, 46.9000, 69.9000,  127, 0, 0
L 202.3000, 55.5000, 69.9000,  202.2000, 47.0000, 69.9000,  150, 150, 150
L 202.5000, 77.9000, 69.9000,  202.5000, 81.3000, 69.9000,  127, 0, 0
L 189.5000, 78.0000, 55.6000,  192.8000, 78.0000, 59.2000,  127, 0, 0
L 202.5000, 77.9000, 69.9000,  202.4000, 69.4000, 69.9000,  150, 150, 150
L 202.4000, 69.4000, 69.9000,  199.1000, 69.3000, 66.3000,  127, 0, 0
L 202.3000, 55.5000, 69.9000,  202.4000, 69.4000, 69.9000,  150, 150, 150
L 201.0000, 67.2000, 55.6000,  200.9000, 69.0000, 55.6000,  240, 240, 0
L 200.7000, 45.4000, 55.6000,  200.7000, 41.4000, 55.6000,  240, 240, 0
L 200.7000, 41.4000, 55.6000,  235.9000, 41.0000, 55.6000,  240, 240, 0
L 203.5000, 44.1000, 55.6000,  231.9000, 43.7000, 55.6000,  240, 240, 0
L 231.9000, 43.7000, 55.6000,  232.0000, 80.9000, 55.6000,  240, 240, 0
L 203.7000, 67.2000, 55.6000,  202.3000, 67.2000, 55.6000,  240, 240, 0
L 232.0000, 80.9000, 55.6000,  203.8000, 81.8000, 55.6000,  240, 240, 0
L 200.8000, 58.6000, 55.6000,  202.2000, 58.6000, 55.6000,  240, 240, 0
L 203.7000, 67.2000, 55.6000,  203.8000, 81.8000, 55.6000,  240, 240, 0
L 200.8000, 58.6000, 55.6000,  200.8000, 56.8000, 55.6000,  240, 240, 0
L 189.3000, 47.1000, 55.6000,  189.3000, 55.6000, 55.6000,  150, 150, 150
L 189.5000, 78.0000, 55.6000,  189.5000, 69.5000, 55.6000,  150, 150, 150
L 196.0000, 78.0000, 62.7000,  199.3000, 78.0000, 66.3000,  127, 0, 0
L 195.9000, 69.4000, 62.7000,  192.7000, 69.4000, 59.2000,  127, 0, 0
L 196.0000, 78.0000, 62.7000,  195.9000, 69.4000, 62.7000,  150, 150, 150
L 199.3000, 78.0000, 66.3000,  202.5000, 77.9000, 69.9000,  127, 0, 0
L 199.1000, 69.3000, 66.3000,  195.9000, 69.4000, 62.7000,  127, 0, 0
L 199.3000, 78.0000, 66.3000,  199.1000, 69.3000, 66.3000,  150, 150, 150
L 192.8000, 78.0000, 59.2000,  196.0000, 78.0000, 62.7000,  127, 0, 0
L 192.7000, 69.4000, 59.2000,  189.5000, 69.5000, 55.6000,  127, 0, 0
L 192.8000, 78.0000, 59.2000,  192.7000, 69.4000, 59.2000,  150, 150, 150
L 195.8000, 55.6000, 62.7000,  192.5000, 55.6000, 59.2000,  127, 0, 0
L 195.7000, 47.0000, 62.7000,  198.9000, 46.9000, 66.3000,  127, 0, 0
L 195.8000, 55.6000, 62.7000,  195.7000, 47.0000, 62.7000,  150, 150, 150
L 199.0000, 55.6000, 66.3000,  195.8000, 55.6000, 62.7000,  127, 0, 0
L 198.9000, 46.9000, 66.3000,  202.2000, 46.9000, 69.9000,  127, 0, 0
L 199.0000, 55.6000, 66.3000,  198.9000, 46.9000, 66.3000,  150, 150, 150
L 192.5000, 55.6000, 59.2000,  189.3000, 55.6000, 55.6000,  127, 0, 0
L 192.5000, 47.0000, 59.2000,  195.7000, 47.0000, 62.7000,  127, 0, 0
L 192.5000, 55.6000, 59.2000,  192.5000, 47.0000, 59.2000,  150, 150, 150
L 189.3000, 55.6000, 55.6000,  189.3000, 56.9000, 55.6000,  240, 240, 0
L 200.8000, 56.8000, 55.6000,  189.3000, 56.9000, 55.6000,  240, 240, 0
L 189.3000, 47.1000, 55.6000,  189.2000, 45.6000, 55.6000,  240, 240, 0
L 200.7000, 45.4000, 55.6000,  189.2000, 45.6000, 55.6000,  240, 240, 0
L 189.5000, 69.5000, 55.6000,  189.4000, 69.1000, 55.6000,  240, 240, 0
L 200.9000, 69.0000, 55.6000,  189.4000, 69.1000, 55.6000,  240, 240, 0
L 189.5000, 79.4000, 55.6000,  189.5000, 78.0000, 55.6000,  240, 240, 0
L 201.0000, 79.4000, 55.6000,  189.5000, 79.4000, 55.6000,  240, 240, 0
L 201.0000, 83.3000, 55.6000,  201.0000, 79.4000, 55.6000,  240, 240, 0
L 201.0000, 83.3000, 55.6000,  236.2000, 83.0000, 55.6000,  240, 240, 0
L 235.9000, 41.0000, 55.6000,  236.2000, 83.0000, 55.6000,  240, 240, 0
L 179.3000, 73.7000, 41.8000,  179.4000, 76.2000, 41.8000,  205, 133, 63
L 178.2000, 71.4000, 41.8000,  177.0000, 71.4000, 41.8000,  0, 0, 0
L 178.2000, 71.4000, 41.8000,  178.2000, 73.7000, 41.8000,  205, 133, 63
L 179.3000, 73.7000, 41.8000,  178.2000, 73.7000, 41.8000,  205, 133, 63
L 179.4000, 76.2000, 41.8000,  178.2000, 76.2000, 41.8000,  205, 133, 63
L 178.2000, 76.2000, 41.8000,  177.0000, 76.2000, 41.8000,  205, 133, 63
L 178.2000, 78.7000, 41.8000,  179.4000, 78.6000, 41.8000,  0, 0, 0
L 178.2000, 76.2000, 41.8000,  178.2000, 78.7000, 41.8000,  205, 133, 63
L 177.0000, 73.7000, 41.8000,  177.0000, 76.2000, 41.8000,  205, 133, 63
L 178.0000, 47.6000, 41.8000,  179.1000, 47.6000, 41.8000,  0, 0, 0
L 178.0000, 47.6000, 41.8000,  177.9000, 50.0000, 41.8000,  205, 133, 63
L 179.2000, 50.0000, 41.8000,  177.9000, 50.0000, 41.8000,  205, 133, 63
L 179.2000, 52.4000, 41.8000,  177.9000, 52.5000, 41.8000,  205, 133, 63
L 177.9000, 52.5000, 41.8000,  176.8000, 52.5000, 41.8000,  205, 133, 63
L 178.0000, 55.0000, 41.8000,  179.2000, 55.0000, 41.8000,  0, 0, 0
L 177.9000, 52.5000, 41.8000,  178.0000, 55.0000, 41.8000,  205, 133, 63
L 176.7000, 50.0000, 41.8000,  176.8000, 52.5000, 41.8000,  205, 133, 63
L 203.7000, 61.4000, 55.6000,  203.7000, 64.3000, 55.6000,  205, 133, 63
L 202.2000, 58.6000, 55.6000,  202.3000, 61.4000, 55.6000,  205, 133, 63
L 203.7000, 61.4000, 55.6000,  202.3000, 61.4000, 55.6000,  205, 133, 63
L 203.7000, 64.3000, 55.6000,  202.3000, 64.3000, 55.6000,  205, 133, 63
L 202.3000, 64.3000, 55.6000,  201.0000, 64.3000, 55.6000,  205, 133, 63
L 202.3000, 67.2000, 55.6000,  201.0000, 67.2000, 55.6000,  240, 240, 0
L 202.3000, 64.3000, 55.6000,  202.3000, 67.2000, 55.6000,  205, 133, 63
L 201.0000, 61.4000, 55.6000,  201.0000, 64.3000, 55.6000,  205, 133, 63
L 202.2000, 58.6000, 55.6000,  203.6000, 58.6000, 55.6000,  240, 240, 0
L 203.5000, 44.1000, 55.6000,  203.6000, 58.6000, 55.6000,  240, 240, 0
L 69.5000, 30.0000, 42.4000,  10.1000, 40.2000, 42.4000,  0, 0, 0
L 10.6000, 89.1000, 42.4000,  32.4000, 92.5000, 42.4000,  0, 0, 0
L 13.4000, 68.5000, 27.6000,  13.6000, 91.6000, 27.6000,  0, 255, 0
L -2.3000, 84.9000, 27.6000,  9.1000, 87.3000, 27.6000,  0, 255, 0
L 9.1000, 87.3000, 27.6000,  9.0000, 84.4000, 27.6000,  0, 255, 0
L 8.7000, 45.0000, 27.6000,  8.7000, 42.3000, 27.6000,  0, 255, 0
L 8.7000, 42.3000, 27.6000,  -2.9000, 45.5000, 27.6000,  0, 255, 0
L 8.8000, 56.3000, 27.6000,  -0.9000, 56.4000, 27.6000,  0, 255, 0
L -0.9000, 56.4000, 27.6000,  -1.0000, 45.2000, 27.6000,  150, 150, 150
L 8.7000, 45.0000, 27.6000,  -1.0000, 45.2000, 27.6000,  0, 255, 0
L 34.0000, 66.1000, 11.9000,  33.9000, 63.8000, 11.9000,  0, 127, 0
L 28.0000, 63.8000, 11.9000,  28.0000, 66.0000, 11.9000,  0, 127, 0
L 42.9000, 93.7000, 11.9000,  60.0000, 95.4000, 11.2000,  0, 127, 0
L 12.1000, 41.3000, 11.9000,  1.9000, 44.9000, 11.9000,  0, 127, 0
L 40.7000, 93.2000, 11.9000,  40.4000, 66.1000, 11.9000,  0, 127, 0
L -3.4000, 82.7000, 11.9000,  13.7000, 88.3000, 11.9000,  0, 127, 0
L 13.7000, 88.3000, 11.9000,  28.3000, 91.1000, 11.9000,  0, 127, 0
L 1.9000, 44.9000, 11.9000,  -3.7000, 46.7000, 11.9000,  0, 127, 0
L 28.3000, 91.1000, 11.9000,  40.7000, 93.2000, 11.9000,  0, 127, 0
L -3.7000, 46.7000, 11.9000,  -3.4000, 82.7000, 11.9000,  0, 127, 0
L 19.1000, 40.6000, 11.9000,  12.1000, 41.3000, 11.9000,  0, 127, 0
L 42.7000, 63.7000, 11.9000,  42.9000, 93.7000, 11.9000,  0, 127, 0
L 26.0000, 39.8000, 11.9000,  21.4000, 40.2000, 11.9000,  0, 127, 0
L 19.3000, 66.2000, 11.9000,  19.1000, 40.6000, 11.9000,  0, 127, 0
L 28.0000, 66.0000, 11.9000,  19.3000, 66.2000, 11.9000,  0, 127, 0
L 21.4000, 40.2000, 11.9000,  21.6000, 63.9000, 11.9000,  0, 127, 0
L 40.4000, 66.1000, 11.9000,  34.0000, 66.1000, 11.9000,  0, 127, 0
L 33.9000, 63.8000, 11.9000,  42.7000, 63.7000, 11.9000,  0, 127, 0
L 21.6000, 63.9000, 11.9000,  28.0000, 63.8000, 11.9000,  0, 127, 0
L 58.7000, 84.3000, 11.9000,  58.2000, 34.5000, 11.9000,  0, 127, 0
L 58.2000, 34.5000, 11.9000,  84.9000, 30.1000, 10.8000,  0, 127, 0
L 55.3000, 33.5000, 11.9000,  55.7000, 84.3000, 11.9000,  0, 127, 0
L 55.7000, 84.3000, 11.9000,  58.7000, 84.3000, 11.9000,  0, 127, 0
L 43.3000, 34.8000, 11.9000,  55.3000, 33.5000, 11.9000,  0, 127, 0
L 27.9000, 51.2000, 11.9000,  27.7000, 39.7000, 11.9000,  0, 127, 0
L 26.0000, 39.8000, 11.9000,  27.7000, 39.7000, 11.9000,  0, 127, 0
L 40.9000, 51.1000, 11.9000,  40.7000, 34.8000, 11.9000,  0, 127, 0
L 43.3000, 34.8000, 11.9000,  40.7000, 34.8000, 11.9000,  0, 127, 0
L 8.7000, 45.0000, 42.4000,  8.8000, 56.3000, 42.4000,  150, 150, 150
L -0.9000, 56.4000, 27.6000,  1.4000, 56.4000, 31.3000,  0, 255, 0
L -1.0000, 45.2000, 27.6000,  1.4000, 45.1000, 31.3000,  0, 255, 0
L 8.8000, 56.3000, 42.4000,  10.3000, 56.3000, 42.4000,  150, 150, 150
L 8.7000, 45.0000, 42.4000,  10.2000, 45.1000, 42.4000,  0, 0, 0
L 10.2000, 45.1000, 42.4000,  10.1000, 40.2000, 42.4000,  150, 150, 150
L 3.9000, 45.0000, 35.0000,  6.3000, 45.1000, 38.7000,  0, 255, 0
L 4.0000, 56.4000, 35.0000,  6.4000, 56.3000, 38.7000,  0, 255, 0
L 3.9000, 45.0000, 35.0000,  4.0000, 56.4000, 35.0000,  150, 150, 150
L 6.3000, 45.1000, 38.7000,  8.7000, 45.0000, 42.4000,  0, 255, 0
L 6.4000, 56.3000, 38.7000,  8.8000, 56.3000, 42.4000,  0, 255, 0
L 6.3000, 45.1000, 38.7000,  6.4000, 56.3000, 38.7000,  150, 150, 150
L 1.4000, 45.1000, 31.3000,  3.9000, 45.0000, 35.0000,  0, 255, 0
L 1.4000, 56.4000, 31.3000,  4.0000, 56.4000, 35.0000,  0, 255, 0
L 1.4000, 45.1000, 31.3000,  1.4000, 56.4000, 31.3000,  150, 150, 150
L 9.0000, 84.4000, 42.4000,  9.0000, 73.1000, 42.4000,  150, 150, 150
L 9.0000, 84.4000, 27.6000,  -0.6000, 84.5000, 27.6000,  0, 255, 0
L -0.6000, 84.5000, 27.6000,  1.8000, 84.5000, 31.3000,  0, 255, 0
L 1.8000, 84.5000, 31.3000,  1.7000, 73.1000, 31.3000,  150, 150, 150
L 9.0000, 73.1000, 42.4000,  10.4000, 73.0000, 42.4000,  150, 150, 150
L 1.7000, 73.1000, 31.3000,  4.1000, 73.1000, 35.0000,  0, 255, 0
L 9.0000, 68.5000, 27.6000,  9.0000, 73.1000, 27.6000,  0, 255, 0
L 4.1000, 73.1000, 35.0000,  6.6000, 73.1000, 38.7000,  0, 255, 0
L 6.6000, 73.1000, 38.7000,  9.0000, 73.1000, 42.4000,  0, 255, 0
L 4.3000, 84.4000, 35.0000,  4.1000, 73.1000, 35.0000,  150, 150, 150
L 9.0000, 73.1000, 27.6000,  -0.8000, 73.1000, 27.6000,  0, 255, 0
L -0.8000, 73.1000, 27.6000,  1.7000, 73.1000, 31.3000,  0, 255, 0
L 4.3000, 84.4000, 35.0000,  6.6000, 84.4000, 38.7000,  0, 255, 0
L 6.6000, 84.4000, 38.7000,  6.6000, 73.1000, 38.7000,  150, 150, 150
L 1.8000, 84.5000, 31.3000,  4.3000, 84.4000, 35.0000,  0, 255, 0
L -0.8000, 73.1000, 27.6000,  -0.6000, 84.5000, 27.6000,  150, 150, 150
L 9.0000, 84.4000, 42.4000,  10.6000, 84.4000, 42.4000,  150, 150, 150
L 6.6000, 84.4000, 38.7000,  9.0000, 84.4000, 42.4000,  0, 255, 0
L 10.6000, 89.1000, 42.4000,  10.6000, 84.4000, 42.4000,  150, 150, 150
L 10.4000, 73.0000, 42.4000,  10.3000, 56.3000, 42.4000,  150, 150, 150
L 171.7000, 35.0000, 49.2000,  174.2000, 34.9000, 52.9000,  240, 240, 0
L 174.2000, 34.9000, 52.9000,  176.6000, 34.9000, 56.6000,  240, 240, 0
L 171.8000, 46.4000, 49.2000,  171.7000, 35.0000, 49.2000,  150, 150, 150
L 169.4000, 46.5000, 45.5000,  169.3000, 35.0000, 45.5000,  150, 150, 150
L 171.8000, 46.4000, 49.2000,  174.3000, 46.3000, 52.9000,  240, 240, 0
L 167.1000, 46.4000, 41.8000,  169.4000, 46.5000, 45.5000,  240, 240, 0
L 169.3000, 35.0000, 45.5000,  171.7000, 35.0000, 49.2000,  240, 240, 0
L 174.3000, 46.3000, 52.9000,  174.2000, 34.9000, 52.9000,  150, 150, 150
L 167.0000, 35.0000, 41.8000,  169.3000, 35.0000, 45.5000,  240, 240, 0
L 169.4000, 46.5000, 45.5000,  171.8000, 46.4000, 49.2000,  240, 240, 0
L 176.7000, 46.3000, 56.6000,  176.6000, 34.9000, 56.6000,  150, 150, 150
L 167.0000, 35.0000, 41.8000,  167.1000, 46.4000, 41.8000,  150, 150, 150
L 174.3000, 46.3000, 52.9000,  176.7000, 46.3000, 56.6000,  240, 240, 0
L 167.4000, 80.0000, 41.8000,  169.7000, 80.1000, 45.5000,  240, 240, 0
L 177.2000, 91.3000, 56.6000,  177.1000, 79.9000, 56.6000,  150, 150, 150
L 167.4000, 80.0000, 41.8000,  167.5000, 91.4000, 41.8000,  150, 150, 150
L 169.8000, 91.4000, 45.5000,  172.2000, 91.4000, 49.2000,  240, 240, 0
L 174.8000, 91.4000, 52.9000,  177.2000, 91.3000, 56.6000,  240, 240, 0
L 167.5000, 91.4000, 41.8000,  169.8000, 91.4000, 45.5000,  240, 240, 0
L 169.7000, 80.1000, 45.5000,  172.1000, 80.0000, 49.2000,  240, 240, 0
L 172.2000, 91.4000, 49.2000,  174.8000, 91.4000, 52.9000,  240, 240, 0
L 174.8000, 91.4000, 52.9000,  174.6000, 79.9000, 52.9000,  150, 150, 150
L 177.1000, 79.9000, 41.8000,  167.4000, 80.0000, 41.8000,  0, 0, 0
L 174.6000, 79.9000, 52.9000,  177.1000, 79.9000, 56.6000,  240, 240, 0
L 172.2000, 91.4000, 49.2000,  172.1000, 80.0000, 49.2000,  150, 150, 150
L 172.1000, 80.0000, 49.2000,  174.6000, 79.9000, 52.9000,  240, 240, 0
L 169.8000, 91.4000, 45.5000,  169.7000, 80.1000, 45.5000,  150, 150, 150
L 167.5000, 91.4000, 41.8000,  177.2000, 91.3000, 41.8000,  0, 0, 0
L 176.7000, 46.3000, 41.8000,  167.1000, 46.4000, 41.8000,  0, 0, 0
L 176.7000, 46.3000, 56.6000,  177.1000, 79.9000, 56.6000,  150, 150, 150
L 167.0000, 35.0000, 41.8000,  176.6000, 34.9000, 41.8000,  0, 0, 0
L 177.2000, 91.3000, 56.6000,  177.2000, 95.6000, 56.6000,  240, 240, 0
L 176.6000, 30.5000, 56.6000,  176.6000, 34.9000, 56.6000,  240, 240, 0
L 176.6000, 30.5000, 56.6000,  234.5000, 30.0000, 56.6000,  240, 240, 0
L 177.2000, 95.6000, 56.6000,  235.1000, 95.1000, 56.6000,  240, 240, 0
L 235.9000, 41.0000, 55.6000,  234.5000, 30.0000, 56.6000,  240, 240, 0
L 236.2000, 83.0000, 55.6000,  235.1000, 95.1000, 56.6000,  240, 240, 0
L 192.2000, 68.4000, -5.1000,  195.7000, 68.4000, -5.1000,  0, 240, 240
L 209.1000, 36.8000, 10.4000,  211.6000, 40.2000, 10.4000,  0, 127, 0
L 197.7000, 67.0000, 10.4000,  202.2000, 67.0000, 10.4000,  0, 127, 0
L 194.6000, 78.3000, 10.4000,  190.6000, 78.3000, 10.4000,  0, 127, 0
L 190.6000, 81.1000, 10.4000,  190.6000, 78.3000, 10.4000,  0, 127, 0
L 190.6000, 81.1000, 10.4000,  197.9000, 81.0000, 10.4000,  0, 127, 0
L 197.7000, 67.0000, 10.4000,  197.9000, 81.0000, 10.4000,  0, 127, 0
L 194.3000, 49.4000, 10.4000,  190.4000, 49.5000, 10.4000,  0, 127, 0
L 190.4000, 49.5000, 10.4000,  190.3000, 46.7000, 10.4000,  0, 127, 0
L 197.7000, 58.9000, 10.4000,  197.5000, 46.6000, 10.4000,  0, 127, 0
L 197.5000, 46.6000, 10.4000,  190.3000, 46.7000, 10.4000,  0, 127, 0
L 202.2000, 67.0000, 10.4000,  202.1000, 58.8000, 10.4000,  0, 127, 0
L 197.7000, 58.9000, 10.4000,  202.1000, 58.8000, 10.4000,  0, 127, 0
L 202.1000, 58.8000, 10.4000,  202.0000, 41.3000, 10.4000,  0, 127, 0
L 202.0000, 41.3000, 10.4000,  211.6000, 41.2000, 10.4000,  150, 150, 150
L 211.6000, 41.2000, 10.4000,  211.6000, 40.2000, 10.4000,  0, 127, 0
L 211.6000, 51.2000, -5.1000,  202.1000, 51.2000, -5.1000,  150, 150, 150
L 211.6000, 41.2000, 10.4000,  211.6000, 42.4000, 8.4000,  0, 240, 240
L 202.0000, 41.3000, 10.4000,  202.0000, 42.5000, 8.4000,  0, 240, 240
L 202.0000, 46.2000, 2.6000,  202.1000, 47.5000, 0.7000,  0, 240, 240
L 211.6000, 46.1000, 2.6000,  211.7000, 47.4000, 0.7000,  0, 240, 240
L 202.0000, 46.2000, 2.6000,  211.6000, 46.1000, 2.6000,  150, 150, 150
L 202.0000, 43.7000, 6.5000,  202.0000, 45.0000, 4.6000,  0, 240, 240
L 211.6000, 43.6000, 6.5000,  211.6000, 44.9000, 4.6000,  0, 240, 240
L 202.0000, 43.7000, 6.5000,  211.6000, 43.6000, 6.5000,  150, 150, 150
L 202.1000, 48.7000, -1.3000,  202.1000, 49.9000, -3.2000,  0, 240, 240
L 211.6000, 48.6000, -1.3000,  211.7000, 49.8000, -3.2000,  0, 240, 240
L 202.1000, 48.7000, -1.3000,  211.6000, 48.6000, -1.3000,  150, 150, 150
L 202.1000, 49.9000, -3.2000,  202.1000, 51.2000, -5.1000,  0, 240, 240
L 211.7000, 49.8000, -3.2000,  211.6000, 51.2000, -5.1000,  0, 240, 240
L 202.1000, 49.9000, -3.2000,  211.7000, 49.8000, -3.2000,  150, 150, 150
L 202.1000, 47.5000, 0.7000,  202.1000, 48.7000, -1.3000,  0, 240, 240
L 211.7000, 47.4000, 0.7000,  211.6000, 48.6000, -1.3000,  0, 240, 240
L 202.1000, 47.5000, 0.7000,  211.7000, 47.4000, 0.7000,  150, 150, 150
L 202.0000, 45.0000, 4.6000,  202.0000, 46.2000, 2.6000,  0, 240, 240
L 211.6000, 44.9000, 4.6000,  211.6000, 46.1000, 2.6000,  0, 240, 240
L 202.0000, 45.0000, 4.6000,  211.6000, 44.9000, 4.6000,  150, 150, 150
L 202.0000, 42.5000, 8.4000,  202.0000, 43.7000, 6.5000,  0, 240, 240
L 211.6000, 42.4000, 8.4000,  211.6000, 43.6000, 6.5000,  0, 240, 240
L 202.0000, 42.5000, 8.4000,  211.6000, 42.4000, 8.4000,  150, 150, 150
L 211.7000, 59.6000, -5.1000,  211.6000, 51.2000, -5.1000,  0, 240, 240
L 211.8000, 65.9000, -5.1000,  211.9000, 74.6000, -5.1000,  0, 240, 240
L 211.8000, 65.9000, -5.1000,  211.7000, 59.6000, -5.1000,  0, 240, 240
L 202.3000, 82.2000, 6.5000,  211.9000, 82.1000, 6.5000,  150, 150, 150
L 211.9000, 78.3000, 0.7000,  211.9000, 77.1000, -1.3000,  0, 240, 240
L 202.3000, 77.2000, -1.3000,  211.9000, 77.1000, -1.3000,  150, 150, 150
L 202.3000, 78.4000, 0.7000,  202.3000, 77.2000, -1.3000,  0, 240, 240
L 202.3000, 78.4000, 0.7000,  211.9000, 78.3000, 0.7000,  150, 150, 150
L 202.4000, 79.7000, 2.6000,  202.3000, 78.4000, 0.7000,  0, 240, 240
L 202.4000, 80.9000, 4.6000,  212.0000, 80.8000, 4.6000,  150, 150, 150
L 202.4000, 79.7000, 2.6000,  212.0000, 79.6000, 2.6000,  150, 150, 150
L 212.0000, 79.6000, 2.6000,  211.9000, 78.3000, 0.7000,  0, 240, 240
L 202.3000, 82.2000, 6.5000,  202.4000, 80.9000, 4.6000,  0, 240, 240
L 211.9000, 82.1000, 6.5000,  212.0000, 80.8000, 4.6000,  0, 240, 240
L 202.4000, 80.9000, 4.6000,  202.4000, 79.7000, 2.6000,  0, 240, 240
L 211.9000, 76.0000, -3.2000,  211.9000, 74.6000, -5.1000,  0, 240, 240
L 211.9000, 84.5000, 10.4000,  212.0000, 83.4000, 8.4000,  0, 240, 240
L 202.3000, 77.2000, -1.3000,  202.3000, 76.1000, -3.2000,  0, 240, 240
L 211.9000, 84.5000, 10.4000,  212.0000, 85.6000, 10.4000,  0, 127, 0
L 202.3000, 76.1000, -3.2000,  202.3000, 74.7000, -5.1000,  0, 240, 240
L 202.3000, 76.1000, -3.2000,  211.9000, 76.0000, -3.2000,  150, 150, 150
L 212.0000, 83.4000, 8.4000,  211.9000, 82.1000, 6.5000,  0, 240, 240
L 202.4000, 83.4000, 8.4000,  202.3000, 82.2000, 6.5000,  0, 240, 240
L 202.4000, 83.4000, 8.4000,  212.0000, 83.4000, 8.4000,  150, 150, 150
L 202.4000, 84.6000, 10.4000,  202.4000, 83.4000, 8.4000,  0, 240, 240
L 202.4000, 84.6000, 10.4000,  211.9000, 84.5000, 10.4000,  150, 150, 150
L 209.5000, 89.1000, 10.4000,  212.0000, 85.6000, 10.4000,  0, 127, 0
L 202.2000, 67.0000, 10.4000,  202.4000, 84.6000, 10.4000,  0, 127, 0
L 212.0000, 80.8000, 4.6000,  212.0000, 79.6000, 2.6000,  0, 240, 240
L 211.9000, 77.1000, -1.3000,  211.9000, 76.0000, -3.2000,  0, 240, 240
L 211.9000, 74.6000, -5.1000,  202.3000, 74.7000, -5.1000,  150, 150, 150
L 195.6000, 51.2000, -5.1000,  195.6000, 57.8000, -5.1000,  0, 240, 240
L 202.1000, 51.2000, -5.1000,  195.6000, 51.2000, -5.1000,  0, 240, 240
L 195.8000, 74.8000, -5.1000,  195.7000, 68.4000, -5.1000,  0, 240, 240
L 202.3000, 74.7000, -5.1000,  195.8000, 74.8000, -5.1000,  0, 240, 240
L 11.2000, 63.4000, 27.6000,  8.8000, 63.4000, 27.6000,  205, 133, 63
L 178.2000, 73.7000, 41.8000,  177.0000, 73.7000, 41.8000,  205, 133, 63
L 177.9000, 50.0000, 41.8000,  176.7000, 50.0000, 41.8000,  205, 133, 63
L 202.3000, 61.4000, 55.6000,  201.0000, 61.4000, 55.6000,  205, 133, 63
L 187.1000, 66.6000, 41.8000,  184.9000, 68.8000, 41.8000,  0, 0, 0
L 179.2000, 55.0000, 41.8000,  179.2000, 57.4000, 41.8000,  0, 0, 0
L 179.2000, 50.0000, 41.8000,  179.2000, 52.4000, 41.8000,  205, 133, 63
L -67.0000, 65.4000, 39.9000,  -34.0000, 76.6000, 32.3000,  0, 255, 0
L 177.0000, 71.4000, 41.8000,  176.9000, 55.0000, 41.8000,  0, 0, 0
L 197.5000, 183.9000, 35.0000,  195.2000, 183.9000, 38.7000,  0, 255, 0
L 21.7000, 187.5000, 25.6000,  15.7000, 187.5000, 25.6000,  0, 255, 0
L 24.7000, 238.3000, 10.4000,  24.7000, 223.7000, 10.4000,  0, 127, 0
L 192.8000, 204.9000, 27.6000,  192.8000, 202.2000, 27.6000,  205, 133, 63
L 22.3000, 216.8000, 41.8000,  23.6000, 216.7000, 41.8000,  205, 133, 63
L 173.8000, 234.6000, 25.6000,  175.6000, 234.0000, 27.2000,  0, 255, 0
L 24.7000, 225.2000, 25.6000,  15.7000, 225.2000, 25.6000,  0, 255, 0
L 15.8000, 219.5000, 25.6000,  21.8000, 219.5000, 25.6000,  0, 255, 0
L -0.5000, 189.3000, -1.3000,  -0.6000, 190.5000, -3.2000,  0, 240, 240
L 173.6000, 202.1000, 11.9000,  182.3000, 202.0000, 11.9000,  0, 127, 0
L 16.8000, 197.9000, 41.8000,  22.3000, 197.9000, 41.8000,  0, 0, 0
L 24.7000, 231.9000, 41.8000,  24.7000, 237.2000, 42.3000,  0, 0, 0
L 71.5000, 167.7000, 10.4000,  24.7000, 169.9000, 10.4000,  0, 127, 0
L -0.7000, 188.6000, 69.9000,  -0.7000, 197.2000, 69.9000,  150, 150, 150
L 24.7000, 220.5000, 41.8000,  24.7000, 219.2000, 41.8000,  0, 0, 0
L 158.1000, 233.1000, 11.9000,  146.1000, 234.4000, 11.9000,  0, 127, 0
L -7.7000, 229.7000, 10.4000,  -10.1000, 226.3000, 10.4000,  0, 127, 0
L 50.2000, 236.2000, -5.1000,  60.2000, 236.7000, -5.1000,  0, 240, 240
L 12.2000, 188.7000, 55.6000,  9.0000, 188.7000, 59.2000,  127, 0, 0
L 146.9000, 204.3000, 26.2000,  147.0000, 239.8000, 26.2000,  0, 255, 0
L -34.4000, 225.2000, 55.6000,  -33.1000, 236.2000, 56.6000,  240, 240, 0
L 60.2000, 236.7000, -5.1000,  60.1000, 217.8000, -5.1000,  0, 240, 240
L 0.6000, 199.4000, 55.6000,  0.8000, 197.6000, 55.6000,  240, 240, 0
L 23.5000, 219.2000, 41.8000,  23.6000, 216.7000, 41.8000,  205, 133, 63
L -0.6000, 185.7000, 4.6000,  -0.6000, 186.8000, 2.6000,  0, 240, 240
L 10.4000, 201.4000, 41.8000,  14.2000, 201.4000, 41.8000,  0, 0, 0
L 182.3000, 202.0000, 11.9000,  182.3000, 227.6000, 11.9000,  0, 127, 0
L 98.9000, 235.8000, -5.1000,  102.0000, 235.3000, -5.1000,  0, 240, 240
L -0.6000, 186.8000, 2.6000,  -0.5000, 188.2000, 0.7000,  0, 240, 240
L 3.9000, 207.7000, 10.4000,  -0.6000, 207.7000, 10.4000,  0, 127, 0
L -0.5000, 184.4000, 6.5000,  -0.6000, 185.7000, 4.6000,  0, 240, 240
L 22.4000, 195.4000, 41.8000,  23.5000, 195.4000, 41.8000,  0, 0, 0
L 14.2000, 201.4000, 41.8000,  14.6000, 200.1000, 41.8000,  0, 0, 0
L 126.2000, 234.1000, -5.1000,  135.2000, 232.7000, -5.1000,  0, 240, 240
L 24.7000, 211.8000, 41.8000,  23.5000, 211.8000, 41.8000,  0, 0, 0
L 24.7000, 223.7000, 10.4000,  100.8000, 224.0000, 10.4000,  0, 127, 0
L 197.6000, 195.3000, 35.0000,  195.1000, 195.2000, 38.7000,  0, 255, 0
L 24.7000, 181.9000, 25.6000,  24.7000, 225.2000, 25.6000,  0, 255, 0
L 190.4000, 199.8000, 27.6000,  188.2000, 199.8000, 27.6000,  0, 255, 0
L 15.7000, 187.5000, 25.6000,  15.7000, 181.9000, 25.6000,  0, 255, 0
L 24.7000, 193.1000, 41.8000,  24.7000, 190.5000, 41.8000,  205, 133, 63
L 12.2000, 188.7000, 55.6000,  12.2000, 197.2000, 55.6000,  150, 150, 150
L 22.2000, 170.6000, 10.4000,  -7.7000, 177.4000, 10.4000,  0, 127, 0
L 146.1000, 183.6000, 11.9000,  143.1000, 183.6000, 11.9000,  0, 127, 0
L 0.7000, 221.2000, 55.6000,  0.8000, 225.2000, 55.6000,  240, 240, 0
L 63.8000, 238.7000, 10.4000,  24.7000, 238.3000, 10.4000,  0, 127, 0
L 15.7000, 181.9000, 25.6000,  24.7000, 181.9000, 25.6000,  0, 255, 0
L 7.2000, 188.3000, 10.4000,  7.2000, 217.2000, 10.4000,  0, 127, 0
L 24.7000, 169.9000, 10.4000,  24.7000, 200.1000, 10.4000,  0, 127, 0
L 175.1000, 204.3000, 27.2000,  146.9000, 204.3000, 26.4000,  0, 255, 0
L 147.0000, 239.8000, 26.2000,  173.8000, 234.6000, 25.6000,  0, 255, 0
L 188.3000, 202.3000, 27.6000,  190.5000, 202.3000, 27.6000,  205, 133, 63
L 9.4000, 198.2000, -5.1000,  6.0000, 198.3000, -5.1000,  0, 240, 240
L -0.7000, 188.6000, 69.9000,  -0.7000, 185.3000, 69.9000,  127, 0, 0
L 192.7000, 199.7000, 27.6000,  192.7000, 195.2000, 27.6000,  0, 255, 0
L 175.6000, 234.0000, 27.2000,  187.8000, 230.9000, 27.6000,  0, 255, 0
L 23.5000, 219.2000, 41.8000,  22.4000, 219.2000, 41.8000,  0, 0, 0
L 15.7000, 225.2000, 25.6000,  15.8000, 219.5000, 25.6000,  0, 255, 0
L 172.7000, 199.2000, 27.1000,  175.0000, 199.2000, 27.2000,  0, 255, 0
L 200.0000, 195.3000, 31.3000,  197.6000, 195.3000, 35.0000,  0, 255, 0
L 24.7000, 220.5000, 41.8000,  34.4000, 220.4000, 41.8000,  0, 0, 0
L 195.2000, 183.9000, 38.7000,  195.1000, 195.2000, 38.7000,  150, 150, 150
L 22.3000, 197.9000, 41.8000,  22.4000, 195.4000, 41.8000,  0, 0, 0
L 12.2000, 219.6000, 55.6000,  12.2000, 211.1000, 55.6000,  150, 150, 150
L 202.4000, 212.0000, 27.6000,  202.4000, 223.2000, 27.6000,  150, 150, 150
L 94.9000, 238.6000, 10.6000,  63.8000, 238.7000, 10.4000,  0, 127, 0
L 9.0000, 219.6000, 59.2000,  5.8000, 219.6000, 62.7000,  127, 0, 0
L 173.6000, 204.3000, 11.9000,  173.6000, 202.1000, 11.9000,  0, 127, 0
L 34.4000, 231.8000, 41.8000,  32.1000, 231.8000, 45.5000,  240, 240, 0
L 34.4000, 175.5000, 41.8000,  24.7000, 175.4000, 41.8000,  0, 0, 0
L -2.0000, 199.3000, 55.6000,  -2.0000, 184.8000, 55.6000,  240, 240, 0
L 172.7000, 192.8000, 27.1000,  172.7000, 173.0000, 27.1000,  0, 255, 0
L 175.1000, 192.9000, 27.2000,  172.7000, 192.8000, 27.1000,  0, 255, 0
L -7.7000, 229.7000, 10.4000,  22.2000, 237.7000, 10.4000,  0, 127, 0
L 141.9000, 172.4000, 11.2000,  120.5000, 169.8000, 10.8000,  0, 127, 0
L 116.4000, 237.5000, 10.8000,  94.9000, 238.6000, 10.6000,  0, 127, 0
L 175.0000, 199.2000, 27.2000,  175.1000, 204.3000, 27.2000,  0, 255, 0
L -0.6000, 183.1000, 8.4000,  -10.2000, 183.1000, 8.4000,  150, 150, 150
L 2.5000, 188.6000, 66.3000,  2.5000, 197.3000, 66.3000,  150, 150, 150
L 175.4000, 228.3000, 11.9000,  173.7000, 228.4000, 11.9000,  0, 127, 0
L 5.7000, 211.0000, 62.7000,  5.8000, 219.6000, 62.7000,  150, 150, 150
L -0.7000, 197.2000, 69.9000,  2.5000, 197.3000, 66.3000,  127, 0, 0
L 32.1000, 220.4000, 45.5000,  29.6000, 220.4000, 49.2000,  240, 240, 0
L 189.4000, 227.0000, 11.9000,  199.6000, 223.5000, 11.9000,  0, 127, 0
L 9.0000, 211.1000, 59.2000,  12.2000, 211.1000, 55.6000,  127, 0, 0
L -10.1000, 215.3000, -5.1000,  -0.5000, 215.3000, -5.1000,  150, 150, 150
L 5.8000, 219.6000, 62.7000,  2.5000, 219.7000, 66.3000,  127, 0, 0
L -0.6000, 183.1000, 8.4000,  -0.5000, 184.4000, 6.5000,  0, 240, 240
L 2.5000, 219.7000, 66.3000,  -0.7000, 219.7000, 69.9000,  127, 0, 0
L -0.5000, 181.9000, 10.4000,  -0.6000, 183.1000, 8.4000,  0, 240, 240
L 9.0000, 197.2000, 59.2000,  12.2000, 197.2000, 55.6000,  127, 0, 0
L 27.1000, 220.5000, 52.9000,  27.2000, 231.9000, 52.9000,  150, 150, 150
L 5.7000, 211.0000, 62.7000,  9.0000, 211.1000, 59.2000,  127, 0, 0
L 9.0000, 188.7000, 59.2000,  5.7000, 188.6000, 62.7000,  127, 0, 0
L 192.8000, 223.3000, 27.6000,  192.7000, 225.9000, 27.6000,  0, 255, 0
L 190.5000, 202.3000, 27.6000,  192.8000, 202.2000, 27.6000,  205, 133, 63
L 29.6000, 220.4000, 49.2000,  27.1000, 220.5000, 52.9000,  240, 240, 0
L -0.7000, 211.0000, 69.9000,  -0.7000, 197.2000, 69.9000,  150, 150, 150
L 32.1000, 231.8000, 45.5000,  29.7000, 231.8000, 49.2000,  240, 240, 0
L 2.5000, 197.3000, 66.3000,  5.8000, 197.2000, 62.7000,  127, 0, 0
L 24.7000, 220.5000, 56.6000,  24.7000, 231.9000, 56.6000,  150, 150, 150
L 9.0000, 188.7000, 59.2000,  9.0000, 197.2000, 59.2000,  150, 150, 150
L 34.4000, 220.4000, 41.8000,  32.1000, 220.4000, 45.5000,  240, 240, 0
L 192.8000, 223.3000, 27.6000,  202.4000, 223.2000, 27.6000,  0, 255, 0
L 190.5000, 202.3000, 27.6000,  190.4000, 199.8000, 27.6000,  205, 133, 63
L 2.5000, 211.0000, 66.3000,  5.7000, 211.0000, 62.7000,  127, 0, 0
L 21.8000, 219.5000, 25.6000,  21.7000, 187.5000, 25.6000,  0, 255, 0
L 24.7000, 219.2000, 41.8000,  23.5000, 219.2000, 41.8000,  0, 0, 0
L 2.5000, 188.6000, 66.3000,  -0.7000, 188.6000, 69.9000,  127, 0, 0
L 0.8000, 208.0000, 55.6000,  0.7000, 209.7000, 55.6000,  240, 240, 0
L 192.7000, 225.9000, 27.6000,  204.4000, 222.9000, 27.6000,  0, 255, 0
L 24.7000, 200.1000, 10.4000,  22.1000, 200.2000, 10.4000,  0, 127, 0
L 188.2000, 176.7000, 27.6000,  175.1000, 173.5000, 27.2000,  0, 255, 0
L 95.6000, 168.8000, 10.6000,  71.5000, 167.7000, 10.4000,  0, 127, 0
L 146.9000, 167.6000, 26.2000,  146.9000, 172.3000, 26.2000,  0, 255, 0
L 2.5000, 211.0000, 66.3000,  2.5000, 219.7000, 66.3000,  150, 150, 150
L 161.2000, 174.8000, 11.9000,  161.3000, 201.9000, 11.9000,  0, 127, 0
L 167.6000, 202.0000, 11.9000,  167.7000, 204.2000, 11.9000,  0, 127, 0
L 22.1000, 200.2000, 10.4000,  22.2000, 170.6000, 10.4000,  0, 127, 0
L 175.4000, 228.3000, 11.9000,  180.0000, 228.0000, 11.9000,  0, 127, 0
L 192.7000, 212.0000, 27.6000,  202.4000, 212.0000, 27.6000,  0, 255, 0
L -10.2000, 183.1000, 8.4000,  -10.1000, 184.4000, 6.5000,  0, 240, 240
L 188.2000, 204.8000, 27.6000,  190.4000, 204.8000, 27.6000,  205, 133, 63
L 158.9000, 174.3000, 11.9000,  141.9000, 172.4000, 11.2000,  0, 127, 0
L 205.2000, 185.7000, 11.9000,  188.2000, 179.9000, 11.9000,  0, 127, 0
L 175.1000, 173.5000, 27.2000,  175.1000, 192.9000, 27.2000,  0, 255, 0
L 9.0000, 211.1000, 59.2000,  9.0000, 219.6000, 59.2000,  150, 150, 150
L -34.4000, 183.3000, 55.6000,  -33.2000, 171.2000, 56.6000,  240, 240, 0
L 106.4000, 171.9000, -5.1000,  92.5000, 171.0000, -5.1000,  0, 240, 240
L 187.8000, 230.9000, 27.6000,  188.2000, 207.4000, 27.6000,  0, 255, 0
L -10.1000, 200.5000, -5.1000,  -10.2000, 191.9000, -5.1000,  0, 240, 240
L 23.6000, 190.5000, 41.8000,  24.7000, 190.5000, 41.8000,  205, 133, 63
L 92.5000, 171.0000, -5.1000,  86.4000, 171.4000, -5.1000,  0, 240, 240
L 123.0000, 172.8000, -5.1000,  106.4000, 171.9000, -5.1000,  0, 240, 240
L -0.6000, 222.9000, 6.5000,  -0.5000, 221.6000, 4.6000,  0, 240, 240
L 188.2000, 207.4000, 27.6000,  190.4000, 207.4000, 27.6000,  0, 255, 0
L -0.6000, 224.1000, 8.4000,  -10.1000, 224.1000, 8.4000,  150, 150, 150
L 161.3000, 201.9000, 11.9000,  167.6000, 202.0000, 11.9000,  0, 127, 0
L -0.7000, 211.0000, 69.9000,  -0.7000, 219.6000, 69.9000,  150, 150, 150
L 27.1000, 175.4000, 52.9000,  24.7000, 175.4000, 56.6000,  240, 240, 0
L -10.2000, 216.6000, -3.2000,  -10.1000, 215.3000, -5.1000,  0, 240, 240
L -0.6000, 219.0000, 0.7000,  -0.6000, 217.9000, -1.3000,  0, 240, 240
L 192.7000, 207.4000, 27.6000,  192.7000, 212.0000, 27.6000,  0, 255, 0
L -0.6000, 224.1000, 8.4000,  -0.6000, 222.9000, 6.5000,  0, 240, 240
L -0.6000, 222.9000, 6.5000,  -10.2000, 222.9000, 6.5000,  150, 150, 150
L -10.1000, 220.4000, 2.6000,  -10.2000, 219.0000, 0.7000,  0, 240, 240
L -0.6000, 191.9000, -5.1000,  6.0000, 191.8000, -5.1000,  0, 240, 240
L -0.5000, 188.2000, 0.7000,  -10.1000, 188.2000, 0.7000,  150, 150, 150
L -0.5000, 184.4000, 6.5000,  -10.1000, 184.4000, 6.5000,  150, 150, 150
L 172.7000, 173.0000, 27.1000,  146.9000, 167.6000, 26.2000,  0, 255, 0
L -10.2000, 222.9000, 6.5000,  -10.1000, 221.5000, 4.6000,  0, 240, 240
L -0.6000, 216.6000, -3.2000,  -0.5000, 215.3000, -5.1000,  0, 240, 240
L -10.2000, 225.3000, 10.4000,  -10.1000, 224.1000, 8.4000,  0, 240, 240
L -10.1000, 224.1000, 8.4000,  -10.2000, 222.9000, 6.5000,  0, 240, 240
L -0.6000, 217.9000, -1.3000,  -0.6000, 216.6000, -3.2000,  0, 240, 240
L -10.1000, 200.5000, -5.1000,  -10.1000, 206.9000, -5.1000,  0, 240, 240
L -10.1000, 188.2000, 0.7000,  -10.1000, 189.3000, -1.3000,  0, 240, 240
L 173.6000, 219.1000, 13.7000,  160.4000, 219.1000, 13.7000,  150, 150, 150
L 188.2000, 204.8000, 27.6000,  188.3000, 202.3000, 27.6000,  205, 133, 63
L 190.4000, 207.4000, 27.6000,  192.7000, 207.4000, 27.6000,  0, 255, 0
L -0.5000, 188.2000, 0.7000,  -0.5000, 189.3000, -1.3000,  0, 240, 240
L -0.6000, 217.9000, -1.3000,  -10.2000, 217.9000, -1.3000,  150, 150, 150
L 23.5000, 195.4000, 41.8000,  24.7000, 195.4000, 41.8000,  0, 0, 0
L 120.5000, 169.8000, 10.8000,  95.6000, 168.8000, 10.6000,  0, 127, 0
L -0.7000, 219.6000, 69.9000,  -0.7000, 219.7000, 69.9000,  127, 0, 0
L -0.7000, 211.0000, 69.9000,  2.5000, 211.0000, 66.3000,  127, 0, 0
L -0.5000, 220.4000, 2.6000,  -10.1000, 220.4000, 2.6000,  150, 150, 150
L -0.5000, 220.4000, 2.6000,  -0.6000, 219.0000, 0.7000,  0, 240, 240
L -10.1000, 221.5000, 4.6000,  -10.1000, 220.4000, 2.6000,  0, 240, 240
L -0.6000, 216.6000, -3.2000,  -10.2000, 216.6000, -3.2000,  150, 150, 150
L -0.6000, 225.3000, 10.4000,  -0.6000, 224.1000, 8.4000,  0, 240, 240
L -0.5000, 189.3000, -1.3000,  -10.1000, 189.3000, -1.3000,  150, 150, 150
L 192.7000, 199.7000, 27.6000,  190.4000, 199.8000, 27.6000,  0, 255, 0
L 167.7000, 204.2000, 11.9000,  158.9000, 204.2000, 11.9000,  0, 127, 0
L 34.4000, 186.8000, 41.8000,  34.4000, 175.5000, 41.8000,  150, 150, 150
L -10.2000, 219.0000, 0.7000,  -10.2000, 217.9000, -1.3000,  0, 240, 240
L -0.5000, 221.6000, 4.6000,  -10.1000, 221.5000, 4.6000,  150, 150, 150
L -34.4000, 225.2000, 55.6000,  -34.4000, 183.3000, 55.6000,  240, 240, 0
L 202.3000, 218.4000, -5.1000,  184.0000, 222.2000, -5.1000,  0, 240, 240
L -0.7000, 223.0000, 69.9000,  -0.7000, 219.7000, 69.9000,  127, 0, 0
L 190.4000, 207.4000, 27.6000,  190.4000, 204.8000, 27.6000,  205, 133, 63
L -0.7000, 223.0000, 69.9000,  -36.7000, 223.1000, 69.9000,  127, 0, 0
L 180.1000, 204.3000, 11.9000,  173.6000, 204.3000, 11.9000,  0, 127, 0
L -10.2000, 217.9000, -1.3000,  -10.2000, 216.6000, -3.2000,  0, 240, 240
L 160.4000, 219.1000, 13.7000,  160.6000, 216.9000, 11.9000,  0, 127, 0
L -0.6000, 219.0000, 0.7000,  -10.2000, 219.0000, 0.7000,  150, 150, 150
L -0.5000, 221.6000, 4.6000,  -0.5000, 220.4000, 2.6000,  0, 240, 240
L -10.1000, 206.9000, -5.1000,  -10.1000, 215.3000, -5.1000,  0, 240, 240
L 32.1000, 175.4000, 45.5000,  29.7000, 175.5000, 49.2000,  240, 240, 0
L 22.4000, 193.1000, 41.8000,  22.3000, 190.6000, 41.8000,  205, 133, 63
L -36.7000, 185.3000, 69.9000,  -0.7000, 185.3000, 69.9000,  127, 0, 0
L 22.3000, 190.6000, 41.8000,  23.6000, 190.5000, 41.8000,  205, 133, 63
L 100.7000, 220.1000, 10.4000,  100.8000, 224.0000, 10.4000,  0, 127, 0
L 235.7000, 192.1000, 32.3000,  226.3000, 188.7000, 29.8000,  0, 255, 0
L 173.6000, 216.9000, 11.9000,  160.6000, 216.9000, 11.9000,  150, 150, 150
L 87.4000, 160.9000, 25.6000,  87.4000, 200.2000, 25.6000,  0, 255, 0
L 72.1000, 240.0000, 42.5000,  131.9000, 237.8000, 42.4000,  0, 0, 0
L 129.6000, 174.4000, -5.1000,  123.0000, 172.8000, -5.1000,  0, 240, 240
L 12.2000, 219.6000, 55.6000,  9.0000, 219.6000, 59.2000,  127, 0, 0
L 22.1000, 206.8000, 10.4000,  24.7000, 206.9000, 10.4000,  0, 127, 0
L 23.5000, 195.4000, 41.8000,  23.6000, 193.1000, 41.8000,  205, 133, 63
L 144.6000, 240.5000, 26.1000,  144.5000, 179.9000, 26.1000,  0, 255, 0
L 135.2000, 232.7000, -5.1000,  153.9000, 229.8000, -5.1000,  0, 240, 240
L 14.6000, 207.1000, 41.8000,  14.0000, 204.4000, 41.8000,  0, 0, 0
L -30.4000, 222.6000, 55.6000,  -30.2000, 185.4000, 55.6000,  240, 240, 0
L 10.3000, 204.3000, 41.8000,  10.4000, 201.4000, 41.8000,  0, 0, 0
L 226.3000, 188.7000, 29.8000,  204.1000, 183.5000, 27.6000,  0, 255, 0
L 173.6000, 216.9000, 11.9000,  173.7000, 228.4000, 11.9000,  0, 127, 0
L 9.4000, 229.3000, -5.1000,  46.2000, 236.0000, -5.1000,  0, 240, 240
L 84.1000, 160.7000, 25.6000,  72.3000, 160.2000, 25.6000,  0, 255, 0
L 24.7000, 237.2000, 42.3000,  72.1000, 240.0000, 42.5000,  0, 0, 0
L 5.8000, 197.2000, 62.7000,  9.0000, 197.2000, 59.2000,  127, 0, 0
L 22.2000, 237.7000, 10.4000,  22.1000, 206.8000, 10.4000,  0, 127, 0
L 143.1000, 183.6000, 11.9000,  143.2000, 233.3000, 11.9000,  0, 127, 0
L 22.4000, 230.4000, 41.8000,  22.4000, 219.2000, 41.8000,  0, 0, 0
L 144.5000, 179.9000, 26.1000,  146.9000, 179.9000, 26.1000,  0, 255, 0
L 14.0000, 204.4000, 41.8000,  10.3000, 204.3000, 41.8000,  0, 0, 0
L 72.3000, 160.2000, 25.6000,  23.9000, 162.9000, 25.6000,  0, 255, 0
L 47.3000, 171.3000, -5.1000,  9.4000, 177.9000, -5.1000,  0, 240, 240
L 11.1000, 185.6000, 10.4000,  3.9000, 185.6000, 10.4000,  0, 127, 0
L 23.6000, 214.3000, 41.8000,  23.5000, 211.8000, 41.8000,  205, 133, 63
L 87.4000, 200.2000, 25.6000,  84.2000, 200.2000, 25.6000,  0, 255, 0
L 147.0000, 201.8000, 26.2000,  172.7000, 201.9000, 27.1000,  0, 255, 0
L 209.2000, 218.9000, -5.1000,  223.2000, 213.9000, -5.1000,  0, 240, 240
L 22.3000, 209.4000, 41.8000,  16.8000, 209.3000, 41.8000,  0, 0, 0
L 173.7000, 234.5000, 26.2000,  173.6000, 232.3000, 24.4000,  0, 127, 0
L 5.7000, 188.6000, 62.7000,  2.5000, 188.6000, 66.3000,  127, 0, 0
L 144.5000, 172.3000, 26.1000,  144.6000, 166.5000, 26.1000,  0, 255, 0
L 86.4000, 171.4000, -5.1000,  85.3000, 189.6000, -5.1000,  0, 240, 240
L 22.4000, 193.1000, 41.8000,  23.6000, 193.1000, 41.8000,  205, 133, 63
L 172.7000, 201.9000, 27.1000,  172.7000, 199.2000, 27.1000,  0, 255, 0
L 184.0000, 222.2000, -5.1000,  164.2000, 228.1000, -5.1000,  0, 240, 240
L 16.8000, 209.3000, 41.8000,  14.6000, 207.1000, 41.8000,  0, 0, 0
L -36.7000, 185.3000, 69.9000,  -36.7000, 223.1000, 69.9000,  127, 0, 0
L -13.9000, 227.9000, 41.8000,  22.4000, 230.4000, 41.8000,  0, 0, 0
L 23.5000, 211.8000, 41.8000,  22.4000, 211.8000, 41.8000,  0, 0, 0
L 130.2000, 163.7000, 25.6000,  87.4000, 160.9000, 25.6000,  0, 255, 0
L -2.0000, 199.3000, 55.6000,  -0.7000, 199.3000, 55.6000,  240, 240, 0
L 100.7000, 220.1000, 10.4000,  24.7000, 220.8000, 10.4000,  0, 127, 0
L 84.2000, 200.2000, 25.6000,  84.1000, 160.7000, 25.6000,  0, 255, 0
L 144.6000, 166.5000, 26.1000,  130.2000, 163.7000, 25.6000,  0, 255, 0
L 102.0000, 235.3000, -5.1000,  126.2000, 234.1000, -5.1000,  0, 240, 240
L 180.0000, 228.0000, 11.9000,  180.1000, 204.3000, 11.9000,  0, 127, 0
L 223.0000, 193.3000, -5.1000,  203.3000, 191.2000, -5.1000,  0, 240, 240
L 22.4000, 211.8000, 41.8000,  22.3000, 209.4000, 41.8000,  0, 0, 0
L 14.6000, 200.1000, 41.8000,  16.8000, 197.9000, 41.8000,  0, 0, 0
L 146.9000, 172.3000, 26.1000,  144.5000, 172.3000, 26.1000,  0, 255, 0
L 156.5000, 180.1000, -5.1000,  129.6000, 174.4000, -5.1000,  0, 240, 240
L 24.7000, 206.9000, 10.4000,  24.7000, 220.8000, 10.4000,  0, 127, 0
L 146.9000, 179.9000, 26.2000,  147.0000, 201.8000, 26.2000,  0, 255, 0
L 23.6000, 188.1000, 41.8000,  22.3000, 188.1000, 41.8000,  0, 0, 0
L 7.2000, 219.6000, 25.6000,  7.3000, 225.2000, 25.6000,  0, 255, 0
L 49.2000, 191.4000, -5.1000,  47.3000, 171.3000, -5.1000,  0, 240, 240
L 226.9000, 217.2000, 29.6000,  246.8000, 210.8000, 35.7000,  0, 255, 0
L 22.3000, 214.3000, 41.8000,  23.6000, 214.3000, 41.8000,  205, 133, 63
L 169.5000, 175.6000, 42.4000,  131.9000, 170.7000, 41.8000,  0, 0, 0
L 23.6000, 190.5000, 41.8000,  23.6000, 188.1000, 41.8000,  205, 133, 63
L 61.4000, 189.9000, -5.1000,  49.2000, 191.4000, -5.1000,  0, 240, 240
L -2.9000, 169.2000, 25.6000,  -27.6000, 174.9000, 25.6000,  0, 255, 0
L -2.6000, 187.5000, 25.6000,  -2.9000, 169.2000, 25.6000,  0, 255, 0
L 0.1000, 168.5000, 25.6000,  0.2000, 181.9000, 25.6000,  0, 255, 0
L 131.9000, 170.7000, 41.8000,  108.7000, 170.1000, 41.8000,  0, 0, 0
L 204.4000, 222.9000, 27.6000,  226.9000, 217.2000, 29.6000,  0, 255, 0
L 5.7000, 188.6000, 62.7000,  5.8000, 197.2000, 62.7000,  150, 150, 150
L -0.6000, 225.3000, 10.4000,  -10.2000, 225.3000, 10.4000,  150, 150, 150
L 71.7000, 168.6000, 41.8000,  56.3000, 169.1000, 41.8000,  0, 0, 0
L 24.7000, 220.5000, 56.6000,  24.7000, 186.9000, 56.6000,  150, 150, 150
L 7.2000, 187.5000, 25.6000,  -2.6000, 187.5000, 25.6000,  0, 255, 0
L 108.7000, 170.1000, 41.8000,  71.7000, 168.6000, 41.8000,  0, 0, 0
L 203.3000, 191.2000, -5.1000,  189.2000, 183.7000, -5.1000,  0, 240, 240
L 160.3000, 234.5000, 26.2000,  160.3000, 232.3000, 24.4000,  0, 127, 0
L 85.3000, 189.6000, -5.1000,  61.4000, 189.9000, -5.1000,  0, 240, 240
L 173.6000, 225.7000, 19.0000,  173.6000, 223.5000, 17.2000,  0, 127, 0
L -2.7000, 238.2000, 25.6000,  -2.7000, 219.6000, 25.6000,  0, 255, 0
L -27.6000, 174.9000, 25.6000,  -27.6000, 232.3000, 25.6000,  0, 255, 0
L -2.7000, 219.6000, 25.6000,  7.2000, 219.6000, 25.6000,  0, 255, 0
L 173.6000, 225.7000, 19.0000,  160.4000, 225.7000, 19.0000,  150, 150, 150
L 146.1000, 234.4000, 11.9000,  146.1000, 183.6000, 11.9000,  0, 127, 0
L 202.3000, 218.4000, -5.1000,  209.2000, 218.9000, -5.1000,  0, 240, 240
L 23.9000, 162.9000, 25.6000,  0.1000, 168.5000, 25.6000,  0, 255, 0
L -27.6000, 232.3000, 25.6000,  -2.7000, 238.2000, 25.6000,  0, 255, 0
L 189.2000, 183.7000, -5.1000,  156.5000, 180.1000, -5.1000,  0, 240, 240
L 160.4000, 225.7000, 19.0000,  160.4000, 223.5000, 17.2000,  0, 127, 0
L 223.2000, 213.9000, -5.1000,  223.0000, 193.3000, -5.1000,  0, 240, 240
L 7.2000, 181.8000, 25.6000,  7.2000, 187.5000, 25.6000,  0, 255, 0
L 173.7000, 234.5000, 26.2000,  160.3000, 234.5000, 26.2000,  150, 150, 150
L 246.8000, 210.8000, 35.7000,  268.7000, 203.5000, 39.9000,  0, 255, 0
L 56.3000, 169.1000, 41.8000,  24.7000, 170.7000, 41.8000,  0, 0, 0
L 9.4000, 177.9000, -5.1000,  9.4000, 198.2000, -5.1000,  0, 240, 240
L 17.1000, 176.8000, 41.8000,  -8.7000, 179.3000, 41.8000,  0, 0, 0
L 173.6000, 230.1000, 22.6000,  173.6000, 227.9000, 20.8000,  0, 127, 0
L 0.8000, 208.0000, 55.6000,  -0.6000, 208.0000, 55.6000,  240, 240, 0
L 24.7000, 188.1000, 41.8000,  23.6000, 188.1000, 41.8000,  0, 0, 0
L 60.1000, 217.8000, -5.1000,  85.1000, 217.9000, -5.1000,  0, 240, 240
L 0.1000, 238.9000, 25.6000,  23.8000, 244.3000, 25.6000,  0, 255, 0
L 85.1000, 217.9000, -5.1000,  86.4000, 235.3000, -5.1000,  0, 240, 240
L 72.4000, 247.2000, 25.6000,  84.3000, 246.4000, 25.6000,  0, 255, 0
L 22.3000, 176.8000, 41.8000,  17.1000, 176.8000, 41.8000,  0, 0, 0
L 0.2000, 181.9000, 25.6000,  7.2000, 181.8000, 25.6000,  0, 255, 0
L 191.3000, 195.3000, 42.4000,  191.2000, 212.0000, 42.4000,  150, 150, 150
L -7.7000, 177.4000, 10.4000,  -10.2000, 180.8000, 10.4000,  0, 127, 0
L 27.2000, 231.9000, 52.9000,  24.7000, 231.9000, 56.6000,  240, 240, 0
L 173.6000, 219.1000, 13.7000,  173.6000, 216.9000, 11.9000,  0, 127, 0
L 46.2000, 236.0000, -5.1000,  50.2000, 236.2000, -5.1000,  0, 240, 240
L 29.6000, 220.4000, 49.2000,  29.7000, 231.8000, 49.2000,  150, 150, 150
L 199.6000, 223.5000, 11.9000,  205.1000, 221.7000, 11.9000,  0, 127, 0
L 3.9000, 207.7000, 10.4000,  4.0000, 220.0000, 10.4000,  0, 127, 0
L -0.6000, 199.5000, 10.4000,  -0.5000, 181.9000, 10.4000,  0, 127, 0
L 173.6000, 232.3000, 24.4000,  173.6000, 230.1000, 22.6000,  0, 127, 0
L 173.6000, 232.3000, 24.4000,  160.3000, 232.3000, 24.4000,  150, 150, 150
L 6.0000, 191.8000, -5.1000,  6.0000, 198.3000, -5.1000,  0, 240, 240
L 22.3000, 188.1000, 41.8000,  22.3000, 176.8000, 41.8000,  0, 0, 0
L -0.7000, 202.3000, 55.6000,  -0.7000, 199.3000, 55.6000,  205, 133, 63
L -0.6000, 207.7000, 10.4000,  -0.6000, 225.3000, 10.4000,  0, 127, 0
L 0.2000, 225.3000, 25.6000,  0.1000, 238.9000, 25.6000,  0, 255, 0
L 195.2000, 183.9000, 38.7000,  192.8000, 183.9000, 42.4000,  0, 255, 0
L 131.9000, 237.8000, 42.4000,  191.3000, 228.0000, 42.4000,  0, 0, 0
L 11.1000, 217.1000, 10.4000,  11.2000, 220.0000, 10.4000,  0, 127, 0
L 24.7000, 186.9000, 41.8000,  24.7000, 188.1000, 41.8000,  0, 0, 0
L 7.2000, 217.2000, 10.4000,  11.1000, 217.1000, 10.4000,  0, 127, 0
L 24.7000, 170.7000, 41.8000,  24.7000, 175.4000, 41.8000,  0, 0, 0
L -10.2000, 225.3000, 10.4000,  -10.1000, 226.3000, 10.4000,  0, 127, 0
L 191.2000, 179.2000, 42.4000,  191.2000, 183.8000, 42.4000,  150, 150, 150
L 4.0000, 220.0000, 10.4000,  11.2000, 220.0000, 10.4000,  0, 127, 0
L -0.6000, 208.0000, 55.6000,  -0.7000, 205.1000, 55.6000,  205, 133, 63
L 0.6000, 205.2000, 55.6000,  0.7000, 202.3000, 55.6000,  205, 133, 63
L -0.7000, 202.3000, 55.6000,  0.7000, 202.3000, 55.6000,  205, 133, 63
L -2.1000, 222.5000, 55.6000,  -2.0000, 208.0000, 55.6000,  240, 240, 0
L 29.7000, 231.8000, 49.2000,  27.2000, 231.9000, 52.9000,  240, 240, 0
L 173.6000, 223.5000, 17.2000,  160.4000, 223.5000, 17.2000,  150, 150, 150
L 32.1000, 220.4000, 45.5000,  32.1000, 231.8000, 45.5000,  150, 150, 150
L 24.8000, 216.7000, 41.8000,  24.8000, 214.3000, 41.8000,  205, 133, 63
L 200.0000, 183.8000, 31.3000,  197.5000, 183.9000, 35.0000,  0, 255, 0
L 188.2000, 199.8000, 27.6000,  188.2000, 176.7000, 27.6000,  0, 255, 0
L 23.8000, 244.3000, 25.6000,  72.4000, 247.2000, 25.6000,  0, 255, 0
L 204.1000, 183.5000, 27.6000,  192.7000, 181.0000, 27.6000,  0, 255, 0
L 191.2000, 179.2000, 42.4000,  169.5000, 175.6000, 42.4000,  0, 0, 0
L -0.6000, 199.5000, 10.4000,  -0.6000, 207.7000, 10.4000,  0, 127, 0
L -0.5000, 215.3000, -5.1000,  6.0000, 215.4000, -5.1000,  0, 240, 240
L -2.1000, 205.1000, 55.6000,  -0.7000, 205.1000, 55.6000,  205, 133, 63
L 202.5000, 195.2000, 27.6000,  202.4000, 183.8000, 27.6000,  150, 150, 150
L 205.1000, 221.7000, 11.9000,  205.2000, 185.7000, 11.9000,  0, 127, 0
L -0.7000, 199.3000, 55.6000,  0.6000, 199.4000, 55.6000,  240, 240, 0
L 192.7000, 181.0000, 27.6000,  192.8000, 183.9000, 27.6000,  0, 255, 0
L 173.6000, 227.9000, 20.8000,  160.4000, 227.9000, 20.8000,  150, 150, 150
L -0.6000, 208.0000, 55.6000,  -2.0000, 208.0000, 55.6000,  240, 240, 0
L 12.2000, 211.1000, 55.6000,  12.3000, 209.8000, 55.6000,  240, 240, 0
L -8.7000, 179.3000, 41.8000,  -8.7000, 201.3000, 41.8000,  0, 0, 0
L -10.2000, 185.7000, 4.6000,  -10.2000, 186.8000, 2.6000,  0, 240, 240
L 160.4000, 223.5000, 17.2000,  160.4000, 221.3000, 15.5000,  0, 127, 0
L 173.6000, 221.3000, 15.4000,  160.4000, 221.3000, 15.5000,  150, 150, 150
L -2.1000, 202.2000, 55.6000,  -0.7000, 202.3000, 55.6000,  205, 133, 63
L 192.8000, 183.9000, 42.4000,  191.2000, 183.8000, 42.4000,  150, 150, 150
L -2.1000, 205.1000, 55.6000,  -2.1000, 202.2000, 55.6000,  205, 133, 63
L 173.6000, 223.5000, 17.2000,  173.6000, 221.3000, 15.4000,  0, 127, 0
L 160.3000, 232.3000, 24.4000,  160.5000, 229.9000, 22.5000,  0, 127, 0
L 34.4000, 231.8000, 41.8000,  34.4000, 220.4000, 41.8000,  150, 150, 150
L 0.8000, 187.2000, 55.6000,  12.2000, 187.3000, 55.6000,  240, 240, 0
L 7.3000, 225.2000, 25.6000,  0.2000, 225.3000, 25.6000,  0, 255, 0
L 182.3000, 227.6000, 11.9000,  189.4000, 227.0000, 11.9000,  0, 127, 0
L -30.2000, 185.4000, 55.6000,  -2.0000, 184.8000, 55.6000,  240, 240, 0
L -0.5000, 181.9000, 10.4000,  -10.1000, 181.9000, 10.4000,  150, 150, 150
L -10.1000, 189.3000, -1.3000,  -10.2000, 190.5000, -3.2000,  0, 240, 240
L 27.1000, 220.5000, 52.9000,  24.7000, 220.5000, 56.6000,  240, 240, 0
L 23.6000, 214.3000, 41.8000,  24.8000, 214.3000, 41.8000,  205, 133, 63
L 6.0000, 208.8000, -5.1000,  9.4000, 209.0000, -5.1000,  0, 240, 240
L 173.5000, 177.0000, 11.9000,  161.2000, 174.8000, 11.9000,  0, 127, 0
L 188.2000, 179.9000, 11.9000,  173.5000, 177.0000, 11.9000,  0, 127, 0
L 173.6000, 230.1000, 22.6000,  160.5000, 229.9000, 22.5000,  150, 150, 150
L 268.7000, 203.5000, 39.9000,  235.7000, 192.1000, 32.3000,  0, 255, 0
L -28.3000, 179.4000, 41.8000,  -28.2000, 228.0000, 41.8000,  0, 0, 0
L 87.4000, 207.0000, 25.6000,  87.4000, 246.0000, 25.6000,  0, 255, 0
L 11.1000, 185.6000, 10.4000,  11.1000, 188.4000, 10.4000,  0, 127, 0
L 12.2000, 219.6000, 55.6000,  12.3000, 221.1000, 55.6000,  240, 240, 0
L 173.6000, 227.9000, 20.8000,  173.6000, 225.7000, 19.0000,  0, 127, 0
L 158.9000, 204.2000, 11.9000,  158.9000, 174.3000, 11.9000,  0, 127, 0
L 0.7000, 209.7000, 55.6000,  12.3000, 209.8000, 55.6000,  240, 240, 0
L 160.5000, 229.9000, 22.5000,  160.4000, 227.9000, 20.8000,  0, 127, 0
L 192.8000, 183.9000, 27.6000,  202.4000, 183.8000, 27.6000,  0, 255, 0
L 24.7000, 236.3000, 56.6000,  -33.1000, 236.2000, 56.6000,  240, 240, 0
L 27.1000, 175.4000, 52.9000,  27.1000, 186.9000, 52.9000,  150, 150, 150
L 3.8000, 201.4000, 41.8000,  3.7000, 204.3000, 41.8000,  0, 0, 0
L 9.4000, 209.0000, -5.1000,  9.4000, 229.3000, -5.1000,  0, 240, 240
L 202.4000, 183.8000, 27.6000,  200.0000, 183.8000, 31.3000,  0, 255, 0
L -0.6000, 190.5000, -3.2000,  -10.2000, 190.5000, -3.2000,  150, 150, 150
L 24.7000, 171.1000, 56.6000,  -33.2000, 171.2000, 56.6000,  240, 240, 0
L 160.6000, 216.9000, 11.9000,  160.6000, 233.2000, 11.9000,  0, 127, 0
L 23.6000, 193.1000, 41.8000,  24.7000, 193.1000, 41.8000,  205, 133, 63
L 86.4000, 235.3000, -5.1000,  98.9000, 235.8000, -5.1000,  0, 240, 240
L 160.4000, 221.3000, 15.5000,  160.4000, 219.1000, 13.7000,  0, 127, 0
L 173.6000, 221.3000, 15.4000,  173.6000, 219.1000, 13.7000,  0, 127, 0
L 12.2000, 197.2000, 55.6000,  12.3000, 197.5000, 55.6000,  240, 240, 0
L 0.8000, 183.3000, 55.6000,  0.8000, 187.2000, 55.6000,  240, 240, 0
L 12.2000, 187.3000, 55.6000,  12.2000, 188.7000, 55.6000,  240, 240, 0
L 143.2000, 233.3000, 11.9000,  116.4000, 237.5000, 10.8000,  0, 127, 0
L 190.4000, 204.8000, 27.6000,  192.8000, 204.9000, 27.6000,  205, 133, 63
L 22.3000, 216.8000, 41.8000,  22.3000, 214.3000, 41.8000,  205, 133, 63
L 131.1000, 243.4000, 25.6000,  144.6000, 240.5000, 26.1000,  0, 255, 0
L -2.1000, 222.5000, 55.6000,  -30.4000, 222.6000, 55.6000,  240, 240, 0
L 0.7000, 221.2000, 55.6000,  12.3000, 221.1000, 55.6000,  240, 240, 0
L -10.2000, 191.9000, -5.1000,  -0.6000, 191.9000, -5.1000,  150, 150, 150
L -10.7000, 204.3000, 41.9000,  -10.7000, 179.4000, 41.8000,  0, 0, 0
L 153.9000, 229.8000, -5.1000,  164.2000, 228.1000, -5.1000,  0, 240, 240
L 0.8000, 183.3000, 55.6000,  -34.4000, 183.3000, 55.6000,  240, 240, 0
L 6.0000, 215.4000, -5.1000,  6.0000, 208.8000, -5.1000,  0, 240, 240
L -10.7000, 179.4000, 41.8000,  -28.3000, 179.4000, 41.8000,  0, 0, 0
L 0.8000, 225.2000, 55.6000,  -34.4000, 225.2000, 55.6000,  240, 240, 0
L 34.4000, 186.8000, 41.8000,  32.0000, 186.8000, 45.5000,  240, 240, 0
L 0.8000, 197.6000, 55.6000,  12.3000, 197.5000, 55.6000,  240, 240, 0
L 84.3000, 246.4000, 25.6000,  84.1000, 206.9000, 25.6000,  0, 255, 0
L 3.7000, 204.3000, 41.8000,  -10.7000, 204.3000, 42.0000,  0, 0, 0
L -28.2000, 228.0000, 41.8000,  -13.9000, 227.9000, 41.8000,  0, 0, 0
L 160.4000, 227.9000, 20.8000,  160.4000, 225.7000, 19.0000,  0, 127, 0
L 24.7000, 175.4000, 56.6000,  24.7000, 186.9000, 56.6000,  150, 150, 150
L 23.6000, 216.7000, 41.8000,  24.8000, 216.7000, 41.8000,  205, 133, 63
L 84.1000, 206.9000, 25.6000,  87.4000, 207.0000, 25.6000,  0, 255, 0
L 87.4000, 246.0000, 25.6000,  131.1000, 243.4000, 25.6000,  0, 255, 0
L -8.7000, 201.3000, 41.8000,  3.8000, 201.4000, 41.8000,  0, 0, 0
L 34.4000, 175.5000, 41.8000,  32.1000, 175.4000, 45.5000,  240, 240, 0
L -10.2000, 190.5000, -3.2000,  -10.2000, 191.9000, -5.1000,  0, 240, 240
L 158.1000, 233.1000, 11.9000,  160.6000, 233.2000, 11.9000,  0, 127, 0
L 192.8000, 223.3000, 42.4000,  192.7000, 212.0000, 42.4000,  150, 150, 150
L 197.5000, 211.9000, 35.0000,  195.1000, 212.0000, 38.7000,  0, 255, 0
L 197.5000, 223.3000, 35.0000,  197.5000, 211.9000, 35.0000,  150, 150, 150
L -0.7000, 205.1000, 55.6000,  0.6000, 205.2000, 55.6000,  205, 133, 63
L 195.1000, 212.0000, 38.7000,  192.7000, 212.0000, 42.4000,  0, 255, 0
L 192.7000, 212.0000, 42.4000,  191.2000, 212.0000, 42.4000,  150, 150, 150
L -10.1000, 181.9000, 10.4000,  -10.2000, 180.8000, 10.4000,  0, 127, 0
L -0.6000, 185.7000, 4.6000,  -10.2000, 185.7000, 4.6000,  150, 150, 150
L 195.2000, 223.2000, 38.7000,  192.8000, 223.3000, 42.4000,  0, 255, 0
L 4.0000, 199.5000, 10.4000,  3.9000, 185.6000, 10.4000,  0, 127, 0
L 191.2000, 223.2000, 42.4000,  191.3000, 228.0000, 42.4000,  150, 150, 150
L 29.7000, 175.5000, 49.2000,  27.1000, 175.4000, 52.9000,  240, 240, 0
L -10.2000, 186.8000, 2.6000,  -10.1000, 188.2000, 0.7000,  0, 240, 240
L 4.0000, 199.5000, 10.4000,  -0.6000, 199.5000, 10.4000,  0, 127, 0
L 192.7000, 195.2000, 42.4000,  191.3000, 195.3000, 42.4000,  150, 150, 150
L 200.1000, 212.0000, 31.3000,  197.5000, 211.9000, 35.0000,  0, 255, 0
L 192.8000, 223.3000, 42.4000,  191.2000, 223.2000, 42.4000,  0, 0, 0
L 24.7000, 236.3000, 56.6000,  24.7000, 231.9000, 56.6000,  240, 240, 0
L 29.7000, 175.5000, 49.2000,  29.6000, 186.8000, 49.2000,  150, 150, 150
L 32.1000, 175.4000, 45.5000,  32.0000, 186.8000, 45.5000,  150, 150, 150
L 202.4000, 212.0000, 27.6000,  200.1000, 212.0000, 31.3000,  0, 255, 0
L 197.5000, 223.3000, 35.0000,  195.2000, 223.2000, 38.7000,  0, 255, 0
L 192.8000, 183.9000, 42.4000,  192.7000, 195.2000, 42.4000,  150, 150, 150
L 34.4000, 231.8000, 41.8000,  24.7000, 231.9000, 41.8000,  0, 0, 0
L 200.0000, 223.2000, 31.3000,  197.5000, 223.3000, 35.0000,  0, 255, 0
L 202.4000, 223.2000, 27.6000,  200.0000, 223.2000, 31.3000,  0, 255, 0
L 24.7000, 175.4000, 56.6000,  24.7000, 171.1000, 56.6000,  240, 240, 0
L 27.1000, 186.9000, 52.9000,  24.7000, 186.9000, 56.6000,  240, 240, 0
L -0.6000, 190.5000, -3.2000,  -0.6000, 191.9000, -5.1000,  0, 240, 240
L 29.6000, 186.8000, 49.2000,  27.1000, 186.9000, 52.9000,  240, 240, 0
L 200.0000, 223.2000, 31.3000,  200.1000, 212.0000, 31.3000,  150, 150, 150
L 195.2000, 223.2000, 38.7000,  195.1000, 212.0000, 38.7000,  150, 150, 150
L 200.0000, 183.8000, 31.3000,  200.0000, 195.3000, 31.3000,  150, 150, 150
L 32.0000, 186.8000, 45.5000,  29.6000, 186.8000, 49.2000,  240, 240, 0
L 24.7000, 186.9000, 41.8000,  34.4000, 186.8000, 41.8000,  0, 0, 0
L -10.1000, 184.4000, 6.5000,  -10.2000, 185.7000, 4.6000,  0, 240, 240
L 192.7000, 195.2000, 27.6000,  202.5000, 195.2000, 27.6000,  0, 255, 0
L 7.2000, 188.3000, 10.4000,  11.1000, 188.4000, 10.4000,  0, 127, 0
L -0.6000, 186.8000, 2.6000,  -10.2000, 186.8000, 2.6000,  150, 150, 150
L 195.1000, 195.2000, 38.7000,  192.7000, 195.2000, 42.4000,  0, 255, 0
L 197.5000, 183.9000, 35.0000,  197.6000, 195.3000, 35.0000,  150, 150, 150
L 202.5000, 195.2000, 27.6000,  200.0000, 195.3000, 31.3000,  0, 255, 0
L -10.1000, 181.9000, 10.4000,  -10.2000, 183.1000, 8.4000,  0, 240, 240
L 24.7000, 195.4000, 41.8000,  24.7000, 211.8000, 41.8000,  0, 0, 0
L 161.9657, 177.2190, 49.9275,  158.6091, 177.3788, 50.2826,  127, 64, 0
L 158.6091, 177.3788, 50.2826,  158.1817, 97.2862, 49.9138,  127, 64, 0
L 158.1817, 97.2862, 49.9138,  161.4247, 97.3985, 49.9213,  127, 64, 0
L 161.4247, 97.3985, 49.9213,  162.0566, 177.1557, 49.9226,  127, 64, 0
L 41.6516, 171.4522, 49.9359,  41.5244, 92.0241, 49.9127,  127, 64, 0
L 41.5244, 92.0241, 49.9127,  38.0742, 91.9111, 49.9315,  127, 64, 0
L 38.0742, 91.9111, 49.9315,  38.4305, 171.2511, 49.9534,  127, 64, 0
L 38.4305, 171.2511, 49.9534,  41.6708, 171.4078, 49.9358,  127, 64, 0
L 363.8975, -69.3763, 30.8001,  296.0299, -126.3234, 27.3020,  0, 0, 240
L 296.0299, -126.3234, 27.1850,  175.0782, -178.3823, 23.9776,  0, 0, 240
L 175.0782, -178.3823, 23.8780,  64.4257, -178.3829, 21.4368,  0, 0, 240
L 64.4257, -178.3829, 21.3354,  -39.6014, -140.5275, 19.1533,  0, 0, 240
L -39.6014, -140.5275, 19.0416,  -124.4120, -69.3497, 16.2646,  0, 0, 240
L -124.4120, -69.3497, 16.2646,  -179.7270, 26.4591, 13.7703,  0, 0, 240
L -179.7270, 26.4591, 13.6679,  -198.9572, 135.5048, 11.4616,  0, 0, 240
L -198.9572, 135.5048, 11.4616,  -178.2663, 247.0410, 11.4581,  0, 0, 240
L -178.2663, 247.0410, 11.4581,  -122.6347, 341.8255, 11.4544,  0, 0, 240
L -122.6347, 341.8255, 11.4544,  -39.5957, 411.4995, 11.3552,  0, 0, 240
L -39.5957, 411.4995, 11.3552,  64.4635, 449.3535, 11.3254,  0, 0, 240
L 64.4635, 449.3535, 11.3254,  179.4395, 447.7713, 11.3166,  0, 0, 240
L 179.4395, 447.7713, 11.3166,  279.1277, 411.4784, 11.3127,  0, 0, 240
L 279.1277, 411.4784, 11.3127,  363.9718, 340.2168, 11.1901,  0, 0, 240
L 363.9718, 340.2168, 11.1901,  419.2411, 244.4865, 11.1742,  0, 0, 240
L 419.2411, 244.4865, 11.1742,  438.4587, 135.4962, 11.1698,  0, 0, 240
L 438.4587, 135.4962, 11.1698,  419.2441, 26.5023, 11.1506,  0, 0, 240
L 419.2441, 26.5023, 11.1506,  363.9097, -69.3545, 11.1428,  0, 0, 240
