L -170.8000, 49.9000, 28.4000,  -170.8000, 49.9000, 28.3000,  0, 0, 255
L 24.7000, 237.2000, 42.3000,  72.0000, 240.0000, 42.5000,  0, 0, 0
L 72.0000, 240.0000, 42.5000,  131.8000, 237.8000, 42.4000,  0, 0, 0
L 268.6000, 203.6000, 40.1000,  235.7000, 192.1000, 32.3000,  0, 255, 0
L 235.7000, 192.1000, 32.3000,  226.3000, 188.8000, 29.8000,  0, 255, 0
L 226.3000, 188.8000, 29.8000,  204.0000, 183.5000, 27.6000,  0, 255, 0
L 204.3000, 223.0000, 27.6000,  226.9000, 217.3000, 29.6000,  0, 255, 0
L 226.9000, 217.3000, 29.6000,  246.7000, 210.8000, 35.7000,  0, 255, 0
L 246.7000, 210.8000, 35.7000,  268.6000, 203.6000, 39.9000,  0, 255, 0
L 169.5000, 175.6000, 42.4000,  131.9000, 170.7000, 41.8000,  0, 0, 0
L 131.9000, 170.7000, 41.8000,  108.6000, 170.1000, 41.8000,  0, 0, 0
L 108.6000, 170.1000, 41.8000,  71.6000, 168.6000, 41.8000,  0, 0, 0
L 71.6000, 168.6000, 41.8000,  56.3000, 169.0000, 41.8000,  0, 0, 0
L 56.3000, 169.0000, 41.8000,  24.7000, 170.7000, 41.8000,  0, 0, 0
L 24.7000, 170.7000, 41.8000,  24.7000, 175.4000, 41.8000,  0, 0, 0
L 24.7000, 186.8000, 41.8000,  24.7000, 188.1000, 41.8000,  0, 0, 0
L 24.7000, 188.1000, 41.8000,  23.5000, 188.1000, 41.8000,  0, 0, 0
L 22.3000, 188.1000, 41.8000,  22.3000, 176.8000, 41.8000,  0, 0, 0
L 22.3000, 176.8000, 41.8000,  17.0000, 176.8000, 41.8000,  0, 0, 0
L 17.0000, 176.8000, 41.8000,  -8.7000, 179.2000, 41.8000,  0, 0, 0
L -8.7000, 179.2000, 41.8000,  -8.7000, 201.3000, 41.8000,  0, 0, 0
L -8.7000, 201.3000, 41.8000,  3.7000, 201.4000, 41.8000,  0, 0, 0
L 3.7000, 204.3000, 41.8000,  -10.7000, 204.3000, 42.0000,  0, 0, 0
L 3.7000, 201.4000, 41.8000,  3.7000, 204.3000, 41.8000,  0, 0, 0
L -10.7000, 204.3000, 41.9000,  -10.7000, 179.3000, 41.8000,  0, 0, 0
L -10.7000, 179.3000, 41.8000,  -28.3000, 179.3000, 41.8000,  0, 0, 0
L -28.3000, 179.3000, 41.8000,  -28.3000, 227.9000, 41.8000,  0, 0, 0
L -28.3000, 227.9000, 41.8000,  -14.0000, 227.9000, 41.8000,  0, 0, 0
L -14.0000, 227.9000, 41.8000,  22.3000, 230.4000, 41.8000,  0, 0, 0
L 22.3000, 230.4000, 41.8000,  22.3000, 219.2000, 41.8000,  0, 0, 0
L 22.3000, 211.8000, 41.8000,  22.3000, 209.3000, 41.8000,  0, 0, 0
L 22.3000, 209.3000, 41.8000,  16.7000, 209.3000, 41.8000,  0, 0, 0
L 16.7000, 209.3000, 41.8000,  14.5000, 207.1000, 41.8000,  0, 0, 0
L 14.5000, 207.1000, 41.8000,  14.0000, 204.3000, 41.8000,  0, 0, 0
L 14.0000, 204.3000, 41.8000,  10.3000, 204.3000, 41.8000,  0, 0, 0
L 10.3000, 204.3000, 41.8000,  10.3000, 201.4000, 41.8000,  0, 0, 0
L 10.3000, 201.4000, 41.8000,  14.1000, 201.4000, 41.8000,  0, 0, 0
L 14.1000, 201.4000, 41.8000,  14.5000, 200.1000, 41.8000,  0, 0, 0
L 14.5000, 200.1000, 41.8000,  16.7000, 197.9000, 41.8000,  0, 0, 0
L 16.7000, 197.9000, 41.8000,  22.3000, 197.9000, 41.8000,  0, 0, 0
L 22.3000, 197.9000, 41.8000,  22.3000, 195.4000, 41.8000,  0, 0, 0
L 22.3000, 195.4000, 41.8000,  23.5000, 195.4000, 41.8000,  0, 0, 0
L 24.7000, 195.4000, 41.8000,  24.7000, 211.8000, 41.8000,  0, 0, 0
L 24.7000, 231.8000, 41.8000,  24.7000, 237.2000, 42.3000,  0, 0, 0
L 24.7000, 211.8000, 41.8000,  23.5000, 211.8000, 41.8000,  0, 0, 0
L 24.7000, 220.4000, 41.8000,  24.7000, 219.2000, 41.8000,  0, 0, 0
L 24.7000, 219.2000, 41.8000,  22.3000, 219.2000, 41.8000,  0, 0, 0
L 188.2000, 176.7000, 27.6000,  175.1000, 173.5000, 27.2000,  0, 255, 0
L 175.1000, 173.5000, 27.2000,  175.1000, 192.9000, 27.2000,  0, 255, 0
L 175.1000, 192.9000, 27.2000,  172.7000, 192.8000, 27.1000,  0, 255, 0
L 172.7000, 192.8000, 27.1000,  172.7000, 173.1000, 27.1000,  0, 255, 0
L 172.7000, 173.1000, 27.1000,  146.9000, 167.7000, 26.2000,  0, 255, 0
L 146.9000, 167.7000, 26.2000,  146.9000, 172.3000, 26.2000,  0, 255, 0
L 146.9000, 172.3000, 26.1000,  144.5000, 172.3000, 26.1000,  0, 255, 0
L 144.5000, 172.3000, 26.1000,  144.6000, 166.6000, 26.1000,  0, 255, 0
L 144.6000, 166.6000, 26.1000,  130.1000, 163.7000, 25.6000,  0, 255, 0
L 130.1000, 163.7000, 25.6000,  87.4000, 160.9000, 25.6000,  0, 255, 0
L 87.4000, 160.9000, 25.6000,  87.3000, 200.2000, 25.6000,  0, 255, 0
L 87.3000, 200.2000, 25.6000,  84.1000, 200.2000, 25.6000,  0, 255, 0
L 84.1000, 200.2000, 25.6000,  84.1000, 160.7000, 25.6000,  0, 255, 0
L 84.1000, 160.7000, 25.6000,  72.3000, 160.1000, 25.6000,  0, 255, 0
L 72.3000, 160.1000, 25.6000,  23.9000, 162.9000, 25.6000,  0, 255, 0
L 23.9000, 162.9000, 25.6000,  0.1000, 168.5000, 25.6000,  0, 255, 0
L 0.1000, 168.5000, 25.6000,  0.2000, 181.8000, 25.6000,  0, 255, 0
L 0.2000, 181.8000, 25.6000,  7.2000, 181.8000, 25.6000,  0, 255, 0
L 7.2000, 181.8000, 25.6000,  7.2000, 187.5000, 25.6000,  0, 255, 0
L 7.2000, 187.5000, 25.6000,  -2.7000, 187.5000, 25.6000,  0, 255, 0
L -2.7000, 187.5000, 25.6000,  -3.0000, 169.2000, 25.6000,  0, 255, 0
L -3.0000, 169.2000, 25.6000,  -27.6000, 174.9000, 25.6000,  0, 255, 0
L -27.6000, 174.9000, 25.6000,  -27.6000, 232.3000, 25.6000,  0, 255, 0
L -27.6000, 232.3000, 25.6000,  -2.8000, 238.1000, 25.6000,  0, 255, 0
L -2.8000, 238.1000, 25.6000,  -2.8000, 219.5000, 25.6000,  0, 255, 0
L -2.8000, 219.5000, 25.6000,  7.2000, 219.5000, 25.6000,  0, 255, 0
L 7.2000, 219.5000, 25.6000,  7.2000, 225.2000, 25.6000,  0, 255, 0
L 7.2000, 225.2000, 25.6000,  0.2000, 225.2000, 25.6000,  0, 255, 0
L 0.2000, 225.2000, 25.6000,  0.1000, 238.8000, 25.6000,  0, 255, 0
L 0.1000, 238.8000, 25.6000,  23.8000, 244.3000, 25.6000,  0, 255, 0
L 23.8000, 244.3000, 25.6000,  72.3000, 247.2000, 25.6000,  0, 255, 0
L 72.3000, 247.2000, 25.6000,  84.2000, 246.4000, 25.6000,  0, 255, 0
L 84.2000, 246.4000, 25.6000,  84.1000, 206.9000, 25.6000,  0, 255, 0
L 84.1000, 206.9000, 25.6000,  87.3000, 207.0000, 25.6000,  0, 255, 0
L 87.3000, 207.0000, 25.6000,  87.4000, 246.0000, 25.6000,  0, 255, 0
L 87.4000, 246.0000, 25.6000,  131.0000, 243.5000, 25.6000,  0, 255, 0
L 131.0000, 243.5000, 25.6000,  144.6000, 240.5000, 26.1000,  0, 255, 0
L 144.6000, 240.5000, 26.1000,  144.4000, 179.9000, 26.1000,  0, 255, 0
L 144.4000, 179.9000, 26.1000,  146.9000, 179.9000, 26.1000,  0, 255, 0
L 146.9000, 179.9000, 26.2000,  146.9000, 201.8000, 26.2000,  0, 255, 0
L 146.9000, 201.8000, 26.2000,  172.7000, 202.0000, 27.1000,  0, 255, 0
L 172.7000, 202.0000, 27.1000,  172.7000, 199.2000, 27.1000,  0, 255, 0
L 172.7000, 199.2000, 27.1000,  175.0000, 199.2000, 27.2000,  0, 255, 0
L 175.0000, 199.2000, 27.2000,  175.0000, 204.3000, 27.2000,  0, 255, 0
L 175.0000, 204.3000, 27.2000,  146.9000, 204.3000, 26.4000,  0, 255, 0
L 146.9000, 204.3000, 26.2000,  146.9000, 239.8000, 26.2000,  0, 255, 0
L 146.9000, 239.8000, 26.2000,  173.7000, 234.6000, 25.6000,  0, 255, 0
L 173.7000, 234.6000, 25.6000,  175.6000, 234.0000, 27.2000,  0, 255, 0
L 175.6000, 234.0000, 27.2000,  187.8000, 230.9000, 27.6000,  0, 255, 0
L 24.7000, 181.8000, 25.6000,  24.7000, 225.2000, 25.6000,  0, 255, 0
L 24.7000, 225.2000, 25.6000,  15.7000, 225.2000, 25.6000,  0, 255, 0
L 15.7000, 225.2000, 25.6000,  15.7000, 219.5000, 25.6000,  0, 255, 0
L 15.7000, 219.5000, 25.6000,  21.7000, 219.5000, 25.6000,  0, 255, 0
L 21.7000, 219.5000, 25.6000,  21.7000, 187.5000, 25.6000,  0, 255, 0
L 21.7000, 187.5000, 25.6000,  15.7000, 187.5000, 25.6000,  0, 255, 0
L 15.7000, 187.5000, 25.6000,  15.7000, 181.8000, 25.6000,  0, 255, 0
L 15.7000, 181.8000, 25.6000,  24.7000, 181.8000, 25.6000,  0, 255, 0
L 141.9000, 172.4000, 11.2000,  120.5000, 169.8000, 10.8000,  0, 127, 0
L 120.5000, 169.8000, 10.8000,  95.6000, 168.8000, 10.6000,  0, 127, 0
L 95.6000, 168.8000, 10.6000,  71.5000, 167.7000, 10.4000,  0, 127, 0
L 116.4000, 237.5000, 10.8000,  94.9000, 238.6000, 10.6000,  0, 127, 0
L 94.9000, 238.6000, 10.6000,  63.7000, 238.7000, 10.4000,  0, 127, 0
L -61.2000, 59.4000, 39.9000,  -17.2000, 53.3000, 29.6000,  0, 255, 0
L 389.7000, 147.7000, 11.1000,  371.4000, 248.1000, 11.1000,  0, 0, 255
L 56.1000, -136.8000, 11.1000,  151.0000, -136.8000, 11.1000,  0, 0, 255
L -43.6000, -102.5000, 11.1000,  56.1000, -136.8000, 11.1000,  0, 0, 255
L 322.2000, 333.4000, 11.1000,  245.3000, 397.9000, 11.1000,  0, 0, 255
L -170.5000, 246.7000, 11.1000,  -187.7000, 149.5000, 11.1000,  0, 0, 255
L -187.7000, 149.5000, 11.1000,  -170.8000, 49.9000, 11.1000,  0, 0, 255
L 322.2000, -38.0000, 11.1000,  372.3000, 48.9000, 11.1000,  0, 0, 255
L 245.3000, 397.9000, 11.1000,  151.0000, 432.2000, 11.1000,  0, 0, 255
L 247.9000, -100.3000, 11.1000,  322.2000, -38.0000, 11.1000,  0, 0, 255
L 151.0000, -136.8000, 11.1000,  247.9000, -100.3000, 11.1000,  0, 0, 255
L -170.8000, 49.9000, 11.1000,  -120.5000, -38.0000, 11.1000,  0, 0, 255
L -121.4000, -36.5000, 11.1000,  -43.6000, -102.5000, 11.1000,  0, 0, 255
L 371.4000, 248.1000, 11.1000,  322.2000, 333.4000, 11.1000,  0, 0, 255
L 372.3000, 48.9000, 11.1000,  389.7000, 147.7000, 11.1000,  0, 0, 255
L -120.5000, 333.4000, 11.1000,  -170.5000, 246.7000, 11.1000,  0, 0, 255
L 48.4000, 431.4000, 11.1000,  -50.1000, 392.4000, 11.1000,  0, 0, 255
L -50.1000, 392.4000, 11.1000,  -120.5000, 333.4000, 11.1000,  0, 0, 255
L 151.0000, 432.2000, 11.1000,  48.4000, 431.4000, 11.1000,  0, 0, 255
L 60.1000, 236.7000, -5.1000,  60.1000, 217.8000, -5.1000,  0, 240, 240
L 50.2000, 236.2000, -5.1000,  60.1000, 236.7000, -5.1000,  0, 240, 240
L 126.1000, 234.2000, -5.1000,  135.1000, 232.8000, -5.1000,  0, 240, 240
L 98.8000, 235.8000, -5.1000,  101.9000, 235.3000, -5.1000,  0, 240, 240
L 101.9000, 235.3000, -5.1000,  126.1000, 234.2000, -5.1000,  0, 240, 240
L 223.0000, 193.4000, -5.1000,  203.3000, 191.2000, -5.1000,  0, 240, 240
L 183.9000, 222.3000, -5.1000,  164.1000, 228.1000, -5.1000,  0, 240, 240
L 209.2000, 219.0000, -5.1000,  223.1000, 213.9000, -5.1000,  0, 240, 240
L 86.4000, 171.4000, -5.1000,  85.3000, 189.6000, -5.1000,  0, 240, 240
L 85.3000, 189.6000, -5.1000,  61.3000, 189.9000, -5.1000,  0, 240, 240
L 203.3000, 191.2000, -5.1000,  189.2000, 183.8000, -5.1000,  0, 240, 240
L 189.2000, 183.8000, -5.1000,  156.5000, 180.1000, -5.1000,  0, 240, 240
L 223.1000, 213.9000, -5.1000,  223.0000, 193.4000, -5.1000,  0, 240, 240
L 202.3000, 218.5000, -5.1000,  209.2000, 219.0000, -5.1000,  0, 240, 240
L 61.3000, 189.9000, -5.1000,  49.1000, 191.4000, -5.1000,  0, 240, 240
L 49.1000, 191.4000, -5.1000,  47.3000, 171.2000, -5.1000,  0, 240, 240
L 9.4000, 177.9000, -5.1000,  9.4000, 198.2000, -5.1000,  0, 240, 240
L 85.1000, 217.9000, -5.1000,  86.4000, 235.3000, -5.1000,  0, 240, 240
L 60.1000, 217.8000, -5.1000,  85.1000, 217.9000, -5.1000,  0, 240, 240
L 46.1000, 236.0000, -5.1000,  50.2000, 236.2000, -5.1000,  0, 240, 240
L 9.4000, 229.3000, -5.1000,  46.1000, 236.0000, -5.1000,  0, 240, 240
L 153.8000, 229.8000, -5.1000,  164.1000, 228.1000, -5.1000,  0, 240, 240
L 86.4000, 235.3000, -5.1000,  98.8000, 235.8000, -5.1000,  0, 240, 240
L 5.9000, 208.8000, -5.1000,  9.4000, 208.9000, -5.1000,  0, 240, 240
L 9.4000, 208.9000, -5.1000,  9.4000, 229.3000, -5.1000,  0, 240, 240
L 135.1000, 232.8000, -5.1000,  153.8000, 229.8000, -5.1000,  0, 240, 240
L 202.3000, 218.5000, -5.1000,  183.9000, 222.3000, -5.1000,  0, 240, 240
L 92.4000, 171.0000, -5.1000,  86.4000, 171.4000, -5.1000,  0, 240, 240
L 122.9000, 172.8000, -5.1000,  106.3000, 171.9000, -5.1000,  0, 240, 240
L 156.5000, 180.1000, -5.1000,  129.6000, 174.4000, -5.1000,  0, 240, 240
L 129.6000, 174.4000, -5.1000,  122.9000, 172.8000, -5.1000,  0, 240, 240
L 106.3000, 171.9000, -5.1000,  92.4000, 171.0000, -5.1000,  0, 240, 240
L 47.3000, 171.2000, -5.1000,  9.4000, 177.9000, -5.1000,  0, 240, 240
L 187.8000, 230.9000, 27.6000,  188.2000, 207.4000, 27.6000,  0, 255, 0
L 188.2000, 207.4000, 27.6000,  192.7000, 207.4000, 27.6000,  0, 255, 0
L 192.7000, 199.8000, 27.6000,  190.4000, 199.8000, 27.6000,  0, 255, 0
L 192.7000, 207.4000, 27.6000,  192.7000, 212.0000, 27.6000,  0, 255, 0
L 188.2000, 204.9000, 27.6000,  188.2000, 202.3000, 27.6000,  205, 133, 63
L 190.4000, 207.4000, 27.6000,  190.4000, 204.9000, 27.6000,  205, 133, 63
L 188.2000, 204.9000, 27.6000,  192.7000, 204.9000, 27.6000,  205, 133, 63
L 188.2000, 202.3000, 27.6000,  190.4000, 202.3000, 27.6000,  205, 133, 63
L 190.4000, 202.3000, 27.6000,  192.7000, 202.3000, 27.6000,  205, 133, 63
L 190.4000, 199.8000, 27.6000,  188.2000, 199.8000, 27.6000,  0, 255, 0
L 190.4000, 202.3000, 27.6000,  190.4000, 199.8000, 27.6000,  205, 133, 63
L 192.7000, 204.9000, 27.6000,  192.7000, 202.3000, 27.6000,  205, 133, 63
L 22.2000, 170.6000, 10.4000,  -7.7000, 177.4000, 10.4000,  0, 127, 0
L 24.7000, 238.2000, 10.4000,  24.7000, 223.6000, 10.4000,  0, 127, 0
L 63.7000, 238.7000, 10.4000,  24.7000, 238.2000, 10.4000,  0, 127, 0
L 71.5000, 167.7000, 10.4000,  24.7000, 169.8000, 10.4000,  0, 127, 0
L 24.7000, 169.8000, 10.4000,  24.7000, 200.1000, 10.4000,  0, 127, 0
L 22.1000, 206.8000, 10.4000,  24.7000, 206.8000, 10.4000,  0, 127, 0
L 24.7000, 206.8000, 10.4000,  24.7000, 220.8000, 10.4000,  0, 127, 0
L 22.1000, 237.6000, 10.4000,  22.1000, 206.8000, 10.4000,  0, 127, 0
L 24.7000, 200.1000, 10.4000,  22.1000, 200.1000, 10.4000,  0, 127, 0
L 22.1000, 200.1000, 10.4000,  22.2000, 170.6000, 10.4000,  0, 127, 0
L -7.7000, 229.7000, 10.4000,  22.1000, 237.6000, 10.4000,  0, 127, 0
L 7.2000, 188.3000, 10.4000,  7.2000, 217.1000, 10.4000,  0, 127, 0
L 24.7000, 223.6000, 10.4000,  100.7000, 224.0000, 10.4000,  0, 127, 0
L 100.7000, 220.1000, 10.4000,  24.7000, 220.8000, 10.4000,  0, 127, 0
L 100.7000, 220.1000, 10.4000,  100.7000, 224.0000, 10.4000,  0, 127, 0
L 173.7000, 234.5000, 26.2000,  173.6000, 232.3000, 24.4000,  0, 127, 0
L 173.6000, 216.9000, 11.9000,  160.5000, 216.9000, 11.9000,  127, 127, 127
L 160.3000, 234.5000, 26.2000,  160.3000, 232.3000, 24.4000,  0, 127, 0
L 173.7000, 234.5000, 26.2000,  160.3000, 234.5000, 26.2000,  127, 127, 127
L 173.6000, 225.7000, 19.0000,  173.6000, 223.5000, 17.2000,  0, 127, 0
L 160.4000, 225.7000, 19.0000,  160.4000, 223.5000, 17.2000,  0, 127, 0
L 173.6000, 225.7000, 19.0000,  160.4000, 225.7000, 19.0000,  127, 127, 127
L 173.6000, 230.1000, 22.6000,  173.6000, 227.9000, 20.8000,  0, 127, 0
L 160.4000, 230.0000, 22.5000,  160.4000, 227.9000, 20.8000,  0, 127, 0
L 173.6000, 230.1000, 22.6000,  160.4000, 230.0000, 22.5000,  127, 127, 127
L 173.6000, 232.3000, 24.4000,  173.6000, 230.1000, 22.6000,  0, 127, 0
L 160.3000, 232.3000, 24.4000,  160.4000, 230.0000, 22.5000,  0, 127, 0
L 173.6000, 232.3000, 24.4000,  160.3000, 232.3000, 24.4000,  127, 127, 127
L 173.6000, 227.9000, 20.8000,  173.6000, 225.7000, 19.0000,  0, 127, 0
L 160.4000, 227.9000, 20.8000,  160.4000, 225.7000, 19.0000,  0, 127, 0
L 173.6000, 227.9000, 20.8000,  160.4000, 227.9000, 20.8000,  127, 127, 127
L 173.6000, 221.3000, 15.4000,  173.6000, 219.1000, 13.7000,  0, 127, 0
L 160.4000, 221.3000, 15.5000,  160.4000, 219.1000, 13.7000,  0, 127, 0
L 173.6000, 221.3000, 15.4000,  160.4000, 221.3000, 15.5000,  127, 127, 127
L 173.6000, 223.5000, 17.2000,  173.6000, 221.3000, 15.4000,  0, 127, 0
L 160.4000, 223.5000, 17.2000,  160.4000, 221.3000, 15.5000,  0, 127, 0
L 173.6000, 223.5000, 17.2000,  160.4000, 223.5000, 17.2000,  127, 127, 127
L 173.6000, 219.1000, 13.7000,  173.6000, 216.9000, 11.9000,  0, 127, 0
L 160.4000, 219.1000, 13.7000,  160.5000, 216.9000, 11.9000,  0, 127, 0
L 173.6000, 219.1000, 13.7000,  160.4000, 219.1000, 13.7000,  127, 127, 127
L -0.8000, 219.6000, 69.9000,  -0.7000, 219.6000, 69.9000,  127, 0, 0
L -0.7000, 223.0000, 69.9000,  -36.8000, 223.0000, 69.9000,  127, 0, 0
L -36.8000, 185.2000, 69.9000,  -36.8000, 223.0000, 69.9000,  127, 0, 0
L -36.8000, 185.2000, 69.9000,  -0.7000, 185.2000, 69.9000,  127, 0, 0
L -0.7000, 211.0000, 69.9000,  2.5000, 211.0000, 66.3000,  127, 0, 0
L 12.2000, 219.6000, 55.6000,  9.0000, 219.6000, 59.2000,  127, 0, 0
L -0.7000, 223.0000, 69.9000,  -0.7000, 219.6000, 69.9000,  127, 0, 0
L -0.7000, 219.6000, 69.9000,  -0.7000, 219.6000, 69.9000,  0, 0, 0
L -0.7000, 211.0000, 69.9000,  -0.8000, 219.6000, 69.9000,  127, 127, 127
L -0.7000, 188.6000, 69.9000,  -0.7000, 185.2000, 69.9000,  127, 0, 0
L 12.2000, 188.6000, 55.6000,  9.0000, 188.6000, 59.2000,  127, 0, 0
L -0.7000, 188.6000, 69.9000,  -0.8000, 197.2000, 69.9000,  127, 127, 127
L -0.8000, 197.2000, 69.9000,  2.5000, 197.2000, 66.3000,  127, 0, 0
L -0.7000, 211.0000, 69.9000,  -0.8000, 197.2000, 69.9000,  127, 127, 127
L 0.6000, 199.3000, 55.6000,  0.7000, 197.5000, 55.6000,  240, 240, 0
L 0.7000, 221.1000, 55.6000,  0.7000, 225.1000, 55.6000,  240, 240, 0
L 0.7000, 225.1000, 55.6000,  -34.5000, 225.1000, 55.6000,  240, 240, 0
L -2.1000, 222.4000, 55.6000,  -30.5000, 222.5000, 55.6000,  240, 240, 0
L -30.5000, 222.5000, 55.6000,  -30.2000, 185.3000, 55.6000,  240, 240, 0
L -2.1000, 199.3000, 55.6000,  -0.7000, 199.3000, 55.6000,  240, 240, 0
L -30.2000, 185.3000, 55.6000,  -2.1000, 184.7000, 55.6000,  240, 240, 0
L 0.7000, 207.9000, 55.6000,  -0.7000, 207.9000, 55.6000,  240, 240, 0
L -2.1000, 199.3000, 55.6000,  -2.1000, 184.7000, 55.6000,  240, 240, 0
L 0.7000, 207.9000, 55.6000,  0.7000, 209.7000, 55.6000,  240, 240, 0
L 12.2000, 219.6000, 55.6000,  12.2000, 211.0000, 55.6000,  127, 127, 127
L 12.2000, 188.6000, 55.6000,  12.2000, 197.2000, 55.6000,  127, 127, 127
L 5.7000, 188.6000, 62.7000,  2.5000, 188.6000, 66.3000,  127, 0, 0
L 5.7000, 197.2000, 62.7000,  9.0000, 197.2000, 59.2000,  127, 0, 0
L 5.7000, 188.6000, 62.7000,  5.7000, 197.2000, 62.7000,  127, 127, 127
L 2.5000, 188.6000, 66.3000,  -0.7000, 188.6000, 69.9000,  127, 0, 0
L 2.5000, 197.2000, 66.3000,  5.7000, 197.2000, 62.7000,  127, 0, 0
L 2.5000, 188.6000, 66.3000,  2.5000, 197.2000, 66.3000,  127, 127, 127
L 9.0000, 188.6000, 59.2000,  5.7000, 188.6000, 62.7000,  127, 0, 0
L 9.0000, 197.2000, 59.2000,  12.2000, 197.2000, 55.6000,  127, 0, 0
L 9.0000, 188.6000, 59.2000,  9.0000, 197.2000, 59.2000,  127, 127, 127
L 5.7000, 211.0000, 62.7000,  9.0000, 211.0000, 59.2000,  127, 0, 0
L 5.7000, 219.6000, 62.7000,  2.5000, 219.6000, 66.3000,  127, 0, 0
L 5.7000, 211.0000, 62.7000,  5.7000, 219.6000, 62.7000,  127, 127, 127
L 2.5000, 211.0000, 66.3000,  5.7000, 211.0000, 62.7000,  127, 0, 0
L 2.5000, 219.6000, 66.3000,  -0.7000, 219.6000, 69.9000,  127, 0, 0
L 2.5000, 211.0000, 66.3000,  2.5000, 219.6000, 66.3000,  127, 127, 127
L 9.0000, 211.0000, 59.2000,  12.2000, 211.0000, 55.6000,  127, 0, 0
L 9.0000, 219.6000, 59.2000,  5.7000, 219.6000, 62.7000,  127, 0, 0
L 9.0000, 211.0000, 59.2000,  9.0000, 219.6000, 59.2000,  127, 127, 127
L 12.2000, 211.0000, 55.6000,  12.2000, 209.7000, 55.6000,  240, 240, 0
L 0.7000, 209.7000, 55.6000,  12.2000, 209.7000, 55.6000,  240, 240, 0
L 12.2000, 219.6000, 55.6000,  12.2000, 221.1000, 55.6000,  240, 240, 0
L 0.7000, 221.1000, 55.6000,  12.2000, 221.1000, 55.6000,  240, 240, 0
L 12.2000, 197.2000, 55.6000,  12.2000, 197.5000, 55.6000,  240, 240, 0
L 0.7000, 197.5000, 55.6000,  12.2000, 197.5000, 55.6000,  240, 240, 0
L 12.2000, 187.2000, 55.6000,  12.2000, 188.6000, 55.6000,  240, 240, 0
L 0.7000, 187.2000, 55.6000,  12.2000, 187.2000, 55.6000,  240, 240, 0
L 0.7000, 183.2000, 55.6000,  0.7000, 187.2000, 55.6000,  240, 240, 0
L 0.7000, 183.2000, 55.6000,  -34.5000, 183.2000, 55.6000,  240, 240, 0
L -34.5000, 225.1000, 55.6000,  -34.5000, 183.2000, 55.6000,  240, 240, 0
L 22.3000, 193.0000, 41.8000,  22.3000, 190.5000, 41.8000,  205, 133, 63
L 23.5000, 195.4000, 41.8000,  24.7000, 195.4000, 41.8000,  0, 0, 0
L 23.5000, 195.4000, 41.8000,  23.5000, 193.0000, 41.8000,  205, 133, 63
L 22.3000, 193.0000, 41.8000,  24.7000, 193.0000, 41.8000,  205, 133, 63
L 22.3000, 190.5000, 41.8000,  23.5000, 190.5000, 41.8000,  205, 133, 63
L 23.5000, 190.5000, 41.8000,  24.7000, 190.5000, 41.8000,  205, 133, 63
L 23.5000, 188.1000, 41.8000,  22.3000, 188.1000, 41.8000,  0, 0, 0
L 23.5000, 190.5000, 41.8000,  23.5000, 188.1000, 41.8000,  205, 133, 63
L 24.7000, 193.0000, 41.8000,  24.7000, 190.5000, 41.8000,  205, 133, 63
L 22.3000, 216.7000, 41.8000,  22.3000, 214.3000, 41.8000,  205, 133, 63
L 23.5000, 219.2000, 41.8000,  23.5000, 216.7000, 41.8000,  205, 133, 63
L 22.3000, 216.7000, 41.8000,  24.7000, 216.7000, 41.8000,  205, 133, 63
L 22.3000, 214.3000, 41.8000,  23.5000, 214.3000, 41.8000,  205, 133, 63
L 23.5000, 214.3000, 41.8000,  24.7000, 214.3000, 41.8000,  205, 133, 63
L 23.5000, 211.8000, 41.8000,  22.3000, 211.8000, 41.8000,  0, 0, 0
L 23.5000, 214.3000, 41.8000,  23.5000, 211.8000, 41.8000,  205, 133, 63
L 24.7000, 216.7000, 41.8000,  24.7000, 214.3000, 41.8000,  205, 133, 63
L -2.1000, 205.1000, 55.6000,  -2.1000, 202.2000, 55.6000,  205, 133, 63
L -0.7000, 207.9000, 55.6000,  -0.7000, 205.1000, 55.6000,  205, 133, 63
L -2.1000, 205.1000, 55.6000,  0.6000, 205.1000, 55.6000,  205, 133, 63
L -2.1000, 202.2000, 55.6000,  -0.7000, 202.2000, 55.6000,  205, 133, 63
L -0.7000, 202.2000, 55.6000,  0.6000, 202.2000, 55.6000,  205, 133, 63
L -0.7000, 199.3000, 55.6000,  0.6000, 199.3000, 55.6000,  240, 240, 0
L -0.7000, 202.2000, 55.6000,  -0.7000, 199.3000, 55.6000,  205, 133, 63
L 0.6000, 205.1000, 55.6000,  0.6000, 202.2000, 55.6000,  205, 133, 63
L -0.7000, 207.9000, 55.6000,  -2.1000, 207.9000, 55.6000,  240, 240, 0
L -2.1000, 222.4000, 55.6000,  -2.1000, 207.9000, 55.6000,  240, 240, 0
L 131.8000, 237.8000, 42.4000,  191.2000, 228.1000, 42.4000,  0, 0, 0
L 191.2000, 179.2000, 42.4000,  169.5000, 175.6000, 42.4000,  0, 0, 0
L 188.2000, 199.8000, 27.6000,  188.2000, 176.7000, 27.6000,  0, 255, 0
L 204.0000, 183.5000, 27.6000,  192.7000, 181.1000, 27.6000,  0, 255, 0
L 192.7000, 181.1000, 27.6000,  192.7000, 183.9000, 27.6000,  0, 255, 0
L 192.7000, 223.3000, 27.6000,  192.7000, 226.0000, 27.6000,  0, 255, 0
L 192.7000, 226.0000, 27.6000,  204.3000, 223.0000, 27.6000,  0, 255, 0
L 192.7000, 212.0000, 27.6000,  202.4000, 212.0000, 27.6000,  0, 255, 0
L 202.4000, 212.0000, 27.6000,  202.4000, 223.3000, 27.6000,  127, 127, 127
L 192.7000, 223.3000, 27.6000,  202.4000, 223.3000, 27.6000,  0, 255, 0
L 167.6000, 202.0000, 11.9000,  167.6000, 204.3000, 11.9000,  0, 127, 0
L 173.6000, 204.3000, 11.9000,  173.6000, 202.1000, 11.9000,  0, 127, 0
L 158.9000, 174.4000, 11.9000,  141.9000, 172.4000, 11.2000,  0, 127, 0
L 189.3000, 227.0000, 11.9000,  199.5000, 223.5000, 11.9000,  0, 127, 0
L 161.2000, 174.9000, 11.9000,  161.2000, 202.0000, 11.9000,  0, 127, 0
L 205.2000, 185.7000, 11.9000,  188.1000, 180.0000, 11.9000,  0, 127, 0
L 188.1000, 180.0000, 11.9000,  173.5000, 177.0000, 11.9000,  0, 127, 0
L 199.5000, 223.5000, 11.9000,  205.1000, 221.7000, 11.9000,  0, 127, 0
L 173.5000, 177.0000, 11.9000,  161.2000, 174.9000, 11.9000,  0, 127, 0
L 205.1000, 221.7000, 11.9000,  205.2000, 185.7000, 11.9000,  0, 127, 0
L 182.3000, 227.6000, 11.9000,  189.3000, 227.0000, 11.9000,  0, 127, 0
L 158.9000, 204.3000, 11.9000,  158.9000, 174.4000, 11.9000,  0, 127, 0
L 175.3000, 228.4000, 11.9000,  180.0000, 228.0000, 11.9000,  0, 127, 0
L 182.3000, 202.1000, 11.9000,  182.3000, 227.6000, 11.9000,  0, 127, 0
L 173.6000, 202.1000, 11.9000,  182.3000, 202.1000, 11.9000,  0, 127, 0
L 180.0000, 228.0000, 11.9000,  180.0000, 204.3000, 11.9000,  0, 127, 0
L 161.2000, 202.0000, 11.9000,  167.6000, 202.0000, 11.9000,  0, 127, 0
L 167.6000, 204.3000, 11.9000,  158.9000, 204.3000, 11.9000,  0, 127, 0
L 180.0000, 204.3000, 11.9000,  173.6000, 204.3000, 11.9000,  0, 127, 0
L 143.1000, 183.6000, 11.9000,  143.1000, 233.4000, 11.9000,  0, 127, 0
L 143.1000, 233.4000, 11.9000,  116.4000, 237.5000, 10.8000,  0, 127, 0
L 146.0000, 234.4000, 11.9000,  146.0000, 183.6000, 11.9000,  0, 127, 0
L 146.0000, 183.6000, 11.9000,  143.1000, 183.6000, 11.9000,  0, 127, 0
L 158.0000, 233.2000, 11.9000,  146.0000, 234.4000, 11.9000,  0, 127, 0
L 173.6000, 216.9000, 11.9000,  173.6000, 228.4000, 11.9000,  0, 127, 0
L 175.3000, 228.4000, 11.9000,  173.6000, 228.4000, 11.9000,  0, 127, 0
L 160.5000, 216.9000, 11.9000,  160.5000, 233.2000, 11.9000,  0, 127, 0
L 158.0000, 233.2000, 11.9000,  160.5000, 233.2000, 11.9000,  0, 127, 0
L 192.7000, 223.3000, 42.4000,  192.7000, 212.0000, 42.4000,  127, 127, 127
L 202.4000, 212.0000, 27.6000,  200.0000, 212.0000, 31.3000,  0, 255, 0
L 202.4000, 223.3000, 27.6000,  200.0000, 223.3000, 31.3000,  0, 255, 0
L 192.7000, 212.0000, 42.4000,  191.2000, 212.0000, 42.4000,  127, 127, 127
L 192.7000, 223.3000, 42.4000,  191.2000, 223.3000, 42.4000,  0, 0, 0
L 191.2000, 223.3000, 42.4000,  191.2000, 228.1000, 42.4000,  127, 127, 127
L 197.5000, 223.3000, 35.0000,  195.1000, 223.3000, 38.7000,  0, 255, 0
L 197.5000, 212.0000, 35.0000,  195.1000, 212.0000, 38.7000,  0, 255, 0
L 197.5000, 223.3000, 35.0000,  197.5000, 212.0000, 35.0000,  127, 127, 127
L 195.1000, 223.3000, 38.7000,  192.7000, 223.3000, 42.4000,  0, 255, 0
L 195.1000, 212.0000, 38.7000,  192.7000, 212.0000, 42.4000,  0, 255, 0
L 195.1000, 223.3000, 38.7000,  195.1000, 212.0000, 38.7000,  127, 127, 127
L 200.0000, 223.3000, 31.3000,  197.5000, 223.3000, 35.0000,  0, 255, 0
L 200.0000, 212.0000, 31.3000,  197.5000, 212.0000, 35.0000,  0, 255, 0
L 200.0000, 223.3000, 31.3000,  200.0000, 212.0000, 31.3000,  127, 127, 127
L 192.7000, 183.9000, 42.4000,  192.7000, 195.3000, 42.4000,  127, 127, 127
L 192.7000, 183.9000, 27.6000,  202.4000, 183.9000, 27.6000,  0, 255, 0
L 202.4000, 183.9000, 27.6000,  200.0000, 183.9000, 31.3000,  0, 255, 0
L 200.0000, 183.9000, 31.3000,  200.0000, 195.3000, 31.3000,  127, 127, 127
L 192.7000, 195.3000, 42.4000,  191.2000, 195.3000, 42.4000,  127, 127, 127
L 200.0000, 195.3000, 31.3000,  197.6000, 195.3000, 35.0000,  0, 255, 0
L 192.7000, 199.8000, 27.6000,  192.7000, 195.3000, 27.6000,  0, 255, 0
L 197.6000, 195.3000, 35.0000,  195.1000, 195.3000, 38.7000,  0, 255, 0
L 195.1000, 195.3000, 38.7000,  192.7000, 195.3000, 42.4000,  0, 255, 0
L 197.5000, 183.9000, 35.0000,  197.6000, 195.3000, 35.0000,  127, 127, 127
L 192.7000, 195.3000, 27.6000,  202.4000, 195.3000, 27.6000,  0, 255, 0
L 202.4000, 195.3000, 27.6000,  200.0000, 195.3000, 31.3000,  0, 255, 0
L 197.5000, 183.9000, 35.0000,  195.1000, 183.9000, 38.7000,  0, 255, 0
L 195.1000, 183.9000, 38.7000,  195.1000, 195.3000, 38.7000,  127, 127, 127
L 200.0000, 183.9000, 31.3000,  197.5000, 183.9000, 35.0000,  0, 255, 0
L 202.4000, 195.3000, 27.6000,  202.4000, 183.9000, 27.6000,  127, 127, 127
L 192.7000, 183.9000, 42.4000,  191.2000, 183.9000, 42.4000,  127, 127, 127
L 195.1000, 183.9000, 38.7000,  192.7000, 183.9000, 42.4000,  0, 255, 0
L 191.2000, 179.2000, 42.4000,  191.2000, 183.9000, 42.4000,  127, 127, 127
L 191.2000, 195.3000, 42.4000,  191.2000, 212.0000, 42.4000,  127, 127, 127
L 29.6000, 231.8000, 49.2000,  27.1000, 231.8000, 52.9000,  240, 240, 0
L 27.1000, 231.8000, 52.9000,  24.7000, 231.8000, 56.6000,  240, 240, 0
L 29.6000, 220.4000, 49.2000,  29.6000, 231.8000, 49.2000,  127, 127, 127
L 32.0000, 220.4000, 45.5000,  32.0000, 231.8000, 45.5000,  127, 127, 127
L 29.6000, 220.4000, 49.2000,  27.1000, 220.4000, 52.9000,  240, 240, 0
L 34.4000, 220.4000, 41.8000,  32.0000, 220.4000, 45.5000,  240, 240, 0
L 32.0000, 231.8000, 45.5000,  29.6000, 231.8000, 49.2000,  240, 240, 0
L 27.1000, 220.4000, 52.9000,  27.1000, 231.8000, 52.9000,  127, 127, 127
L 34.4000, 231.8000, 41.8000,  32.0000, 231.8000, 45.5000,  240, 240, 0
L 32.0000, 220.4000, 45.5000,  29.6000, 220.4000, 49.2000,  240, 240, 0
L 24.7000, 220.4000, 56.6000,  24.7000, 231.8000, 56.6000,  127, 127, 127
L 34.4000, 231.8000, 41.8000,  34.4000, 220.4000, 41.8000,  127, 127, 127
L 27.1000, 220.4000, 52.9000,  24.7000, 220.4000, 56.6000,  240, 240, 0
L 34.4000, 186.8000, 41.8000,  32.0000, 186.8000, 45.5000,  240, 240, 0
L 24.7000, 175.4000, 56.6000,  24.7000, 186.8000, 56.6000,  127, 127, 127
L 34.4000, 186.8000, 41.8000,  34.4000, 175.4000, 41.8000,  127, 127, 127
L 32.0000, 175.4000, 45.5000,  29.6000, 175.4000, 49.2000,  240, 240, 0
L 27.1000, 175.4000, 52.9000,  24.7000, 175.4000, 56.6000,  240, 240, 0
L 34.4000, 175.4000, 41.8000,  32.0000, 175.4000, 45.5000,  240, 240, 0
L 32.0000, 186.8000, 45.5000,  29.6000, 186.8000, 49.2000,  240, 240, 0
L 29.6000, 175.4000, 49.2000,  27.1000, 175.4000, 52.9000,  240, 240, 0
L 27.1000, 175.4000, 52.9000,  27.1000, 186.8000, 52.9000,  127, 127, 127
L 24.7000, 186.8000, 41.8000,  34.4000, 186.8000, 41.8000,  0, 0, 0
L 27.1000, 186.8000, 52.9000,  24.7000, 186.8000, 56.6000,  240, 240, 0
L 29.6000, 175.4000, 49.2000,  29.6000, 186.8000, 49.2000,  127, 127, 127
L 29.6000, 186.8000, 49.2000,  27.1000, 186.8000, 52.9000,  240, 240, 0
L 32.0000, 175.4000, 45.5000,  32.0000, 186.8000, 45.5000,  127, 127, 127
L 34.4000, 175.4000, 41.8000,  24.7000, 175.4000, 41.8000,  0, 0, 0
L 24.7000, 220.4000, 41.8000,  34.4000, 220.4000, 41.8000,  0, 0, 0
L 24.7000, 220.4000, 56.6000,  24.7000, 186.8000, 56.6000,  127, 127, 127
L 34.4000, 231.8000, 41.8000,  24.7000, 231.8000, 41.8000,  0, 0, 0
L 24.7000, 175.4000, 56.6000,  24.7000, 171.1000, 56.6000,  240, 240, 0
L 24.7000, 236.2000, 56.6000,  24.7000, 231.8000, 56.6000,  240, 240, 0
L 24.7000, 236.2000, 56.6000,  -33.2000, 236.2000, 56.6000,  240, 240, 0
L 24.7000, 171.1000, 56.6000,  -33.2000, 171.1000, 56.6000,  240, 240, 0
L -34.5000, 225.1000, 55.6000,  -33.2000, 236.2000, 56.6000,  240, 240, 0
L -34.5000, 183.2000, 55.6000,  -33.2000, 171.1000, 56.6000,  240, 240, 0
L 108.7000, 122.1000, 49.9000,  105.0000, 122.5000, 49.9000,  127, 64, 0
L 105.2000, 171.7000, 49.9000,  108.8000, 171.9000, 49.9000,  127, 64, 0
L 108.5000, 171.9000, 49.9000,  108.7000, 122.1000, 49.9000,  127, 64, 0
L 55.9000, 169.6000, 49.9000,  72.3000, 118.6000, 49.9000,  127, 64, 0
L 72.3000, 118.6000, 49.9000,  68.8000, 117.6000, 49.9000,  127, 64, 0
L 165.3000, 127.4000, 49.9000,  168.9000, 127.3000, 49.9000,  127, 64, 0
L 105.0000, 122.5000, 49.9000,  105.2000, 171.7000, 49.9000,  127, 64, 0
L 168.9000, 127.3000, 49.9000,  169.0000, 177.0000, 49.9000,  127, 64, 0
L 169.0000, 177.0000, 49.9000,  165.5000, 177.1000, 49.9000,  127, 64, 0
L 165.5000, 177.1000, 49.9000,  165.3000, 127.4000, 49.9000,  127, 64, 0
L 68.8000, 117.6000, 49.9000,  52.3000, 168.6000, 49.9000,  127, 64, 0
L 52.3000, 168.6000, 49.9000,  56.0000, 169.6000, 49.9000,  127, 64, 0
L 9.4000, 198.2000, -5.1000,  5.9000, 198.2000, -5.1000,  0, 240, 240
L -7.7000, 229.7000, 10.4000,  -10.2000, 226.3000, 10.4000,  0, 127, 0
L 3.9000, 199.5000, 10.4000,  -0.6000, 199.5000, 10.4000,  0, 127, 0
L 7.2000, 188.3000, 10.4000,  11.1000, 188.3000, 10.4000,  0, 127, 0
L 11.1000, 185.6000, 10.4000,  11.1000, 188.3000, 10.4000,  0, 127, 0
L 11.1000, 185.6000, 10.4000,  3.9000, 185.6000, 10.4000,  0, 127, 0
L 3.9000, 199.5000, 10.4000,  3.9000, 185.6000, 10.4000,  0, 127, 0
L 7.2000, 217.1000, 10.4000,  11.1000, 217.1000, 10.4000,  0, 127, 0
L 11.1000, 217.1000, 10.4000,  11.1000, 219.9000, 10.4000,  0, 127, 0
L 3.9000, 207.6000, 10.4000,  3.9000, 219.9000, 10.4000,  0, 127, 0
L 3.9000, 219.9000, 10.4000,  11.1000, 219.9000, 10.4000,  0, 127, 0
L -0.6000, 199.5000, 10.4000,  -0.6000, 207.6000, 10.4000,  0, 127, 0
L 3.9000, 207.6000, 10.4000,  -0.6000, 207.6000, 10.4000,  0, 127, 0
L -0.6000, 207.6000, 10.4000,  -0.6000, 225.2000, 10.4000,  0, 127, 0
L -0.6000, 225.2000, 10.4000,  -10.2000, 225.2000, 10.4000,  127, 127, 127
L -10.2000, 225.2000, 10.4000,  -10.2000, 226.3000, 10.4000,  0, 127, 0
L -10.2000, 215.3000, -5.1000,  -0.6000, 215.3000, -5.1000,  127, 127, 127
L -10.2000, 225.2000, 10.4000,  -10.2000, 224.0000, 8.4000,  0, 240, 240
L -0.6000, 225.2000, 10.4000,  -0.6000, 224.0000, 8.4000,  0, 240, 240
L -0.6000, 220.3000, 2.6000,  -0.6000, 219.0000, 0.7000,  0, 240, 240
L -10.2000, 220.3000, 2.6000,  -10.2000, 219.0000, 0.7000,  0, 240, 240
L -0.6000, 220.3000, 2.6000,  -10.2000, 220.3000, 2.6000,  127, 127, 127
L -0.6000, 222.8000, 6.5000,  -0.6000, 221.5000, 4.6000,  0, 240, 240
L -10.2000, 222.8000, 6.5000,  -10.2000, 221.5000, 4.6000,  0, 240, 240
L -0.6000, 222.8000, 6.5000,  -10.2000, 222.8000, 6.5000,  127, 127, 127
L -0.6000, 217.8000, -1.3000,  -0.6000, 216.6000, -3.2000,  0, 240, 240
L -10.2000, 217.8000, -1.3000,  -10.2000, 216.6000, -3.2000,  0, 240, 240
L -0.6000, 217.8000, -1.3000,  -10.2000, 217.8000, -1.3000,  127, 127, 127
L -0.6000, 216.6000, -3.2000,  -0.6000, 215.3000, -5.1000,  0, 240, 240
L -10.2000, 216.6000, -3.2000,  -10.2000, 215.3000, -5.1000,  0, 240, 240
L -0.6000, 216.6000, -3.2000,  -10.2000, 216.6000, -3.2000,  127, 127, 127
L -0.6000, 219.0000, 0.7000,  -0.6000, 217.8000, -1.3000,  0, 240, 240
L -10.2000, 219.0000, 0.7000,  -10.2000, 217.8000, -1.3000,  0, 240, 240
L -0.6000, 219.0000, 0.7000,  -10.2000, 219.0000, 0.7000,  127, 127, 127
L -0.6000, 221.5000, 4.6000,  -0.6000, 220.3000, 2.6000,  0, 240, 240
L -10.2000, 221.5000, 4.6000,  -10.2000, 220.3000, 2.6000,  0, 240, 240
L -0.6000, 221.5000, 4.6000,  -10.2000, 221.5000, 4.6000,  127, 127, 127
L -0.6000, 224.0000, 8.4000,  -0.6000, 222.8000, 6.5000,  0, 240, 240
L -10.2000, 224.0000, 8.4000,  -10.2000, 222.8000, 6.5000,  0, 240, 240
L -0.6000, 224.0000, 8.4000,  -10.2000, 224.0000, 8.4000,  127, 127, 127
L -10.2000, 206.8000, -5.1000,  -10.2000, 215.3000, -5.1000,  0, 240, 240
L -10.2000, 200.5000, -5.1000,  -10.2000, 191.8000, -5.1000,  0, 240, 240
L -10.2000, 200.5000, -5.1000,  -10.2000, 206.8000, -5.1000,  0, 240, 240
L -0.6000, 184.3000, 6.5000,  -10.2000, 184.3000, 6.5000,  127, 127, 127
L -10.2000, 188.1000, 0.7000,  -10.2000, 189.3000, -1.3000,  0, 240, 240
L -0.6000, 189.3000, -1.3000,  -10.2000, 189.3000, -1.3000,  127, 127, 127
L -0.6000, 188.1000, 0.7000,  -0.6000, 189.3000, -1.3000,  0, 240, 240
L -0.6000, 188.1000, 0.7000,  -10.2000, 188.1000, 0.7000,  127, 127, 127
L -0.6000, 186.8000, 2.6000,  -0.6000, 188.1000, 0.7000,  0, 240, 240
L -0.6000, 185.6000, 4.6000,  -10.2000, 185.6000, 4.6000,  127, 127, 127
L -0.6000, 186.8000, 2.6000,  -10.2000, 186.8000, 2.6000,  127, 127, 127
L -10.2000, 186.8000, 2.6000,  -10.2000, 188.1000, 0.7000,  0, 240, 240
L -10.2000, 191.8000, -5.1000,  -10.2000, 191.8000, -5.1000,  127, 127, 127
L -0.6000, 184.3000, 6.5000,  -0.6000, 185.6000, 4.6000,  0, 240, 240
L -10.2000, 184.3000, 6.5000,  -10.2000, 185.6000, 4.6000,  0, 240, 240
L -0.6000, 185.6000, 4.6000,  -0.6000, 186.8000, 2.6000,  0, 240, 240
L -10.2000, 190.5000, -3.2000,  -10.2000, 191.8000, -5.1000,  0, 240, 240
L -10.2000, 181.9000, 10.4000,  -10.2000, 183.1000, 8.4000,  0, 240, 240
L -0.6000, 189.3000, -1.3000,  -0.6000, 190.5000, -3.2000,  0, 240, 240
L -10.2000, 181.9000, 10.4000,  -10.2000, 180.8000, 10.4000,  0, 127, 0
L -0.6000, 190.5000, -3.2000,  -0.6000, 191.8000, -5.1000,  0, 240, 240
L -0.6000, 190.5000, -3.2000,  -10.2000, 190.5000, -3.2000,  127, 127, 127
L -10.2000, 183.1000, 8.4000,  -10.2000, 184.3000, 6.5000,  0, 240, 240
L -0.6000, 183.1000, 8.4000,  -0.6000, 184.3000, 6.5000,  0, 240, 240
L -0.6000, 183.1000, 8.4000,  -10.2000, 183.1000, 8.4000,  127, 127, 127
L -0.6000, 181.9000, 10.4000,  -0.6000, 183.1000, 8.4000,  0, 240, 240
L -0.6000, 181.9000, 10.4000,  -10.2000, 181.9000, 10.4000,  127, 127, 127
L -7.7000, 177.4000, 10.4000,  -10.2000, 180.8000, 10.4000,  0, 127, 0
L -0.6000, 199.5000, 10.4000,  -0.6000, 181.9000, 10.4000,  0, 127, 0
L -10.2000, 185.6000, 4.6000,  -10.2000, 186.8000, 2.6000,  0, 240, 240
L -10.2000, 189.3000, -1.3000,  -10.2000, 190.5000, -3.2000,  0, 240, 240
L -10.2000, 191.8000, -5.1000,  -0.6000, 191.8000, -5.1000,  127, 127, 127
L 5.9000, 215.3000, -5.1000,  5.9000, 208.8000, -5.1000,  0, 240, 240
L -0.6000, 215.3000, -5.1000,  5.9000, 215.3000, -5.1000,  0, 240, 240
L 5.9000, 191.8000, -5.1000,  5.9000, 198.2000, -5.1000,  0, 240, 240
L -0.6000, 191.8000, -5.1000,  5.9000, 191.8000, -5.1000,  0, 240, 240
L 35.2000, 58.5000, 15.4000,  34.9000, 60.6000, 13.7000,  0, 127, 0
L 13.4000, 81.0000, 42.4000,  16.3000, 64.6000, 42.4000,  127, 127, 127
L 179.0000, 118.1000, 25.6000,  184.9000, 119.1000, 25.6000,  0, 255, 0
L 10.6000, 96.8000, 42.4000,  11.4000, 92.2000, 42.4000,  127, 127, 127
L 184.9000, 119.1000, 25.6000,  183.9000, 124.8000, 25.6000,  0, 255, 0
L 181.9000, 91.5000, 41.8000,  181.5000, 93.9000, 41.8000,  205, 133, 63
L 37.5000, 45.4000, 26.2000,  50.6000, 47.8000, 26.2000,  127, 127, 127
L 190.5000, 87.7000, 25.6000,  184.6000, 86.7000, 25.6000,  0, 255, 0
L 212.7000, 110.9000, -5.1000,  211.2000, 119.5000, -5.1000,  0, 240, 240
L 181.5000, 93.9000, 41.8000,  182.6000, 94.1000, 41.8000,  0, 0, 0
L 183.9000, 124.8000, 25.6000,  175.1000, 123.2000, 25.6000,  0, 255, 0
L 182.6000, 80.5000, 25.6000,  191.5000, 82.1000, 25.6000,  0, 255, 0
L 181.2000, 88.9000, 41.8000,  180.7000, 91.3000, 41.8000,  205, 133, 63
L 174.1000, 72.3000, 41.8000,  176.5000, 72.7000, 45.5000,  240, 240, 0
L 174.6000, 83.9000, 45.5000,  176.5000, 72.7000, 45.5000,  127, 127, 127
L 12.5000, 63.9000, 38.7000,  14.9000, 64.3000, 42.4000,  0, 255, 0
L 9.6000, 51.9000, 31.3000,  12.1000, 52.3000, 35.0000,  0, 255, 0
L 215.5000, 95.1000, -3.2000,  215.3000, 96.3000, -5.1000,  0, 240, 240
L 206.0000, 93.4000, -3.2000,  215.5000, 95.1000, -3.2000,  127, 127, 127
L 206.0000, 93.4000, -3.2000,  205.8000, 94.6000, -5.1000,  0, 240, 240
L 215.3000, 96.3000, -5.1000,  205.8000, 94.6000, -5.1000,  127, 127, 127
L 208.5000, 87.9000, 55.6000,  236.5000, 92.7000, 55.6000,  240, 240, 0
L 216.4000, 90.2000, 4.6000,  216.1000, 91.4000, 2.6000,  0, 240, 240
L 174.1000, 72.3000, 41.8000,  172.2000, 83.5000, 41.8000,  127, 127, 127
L 17.3000, 50.5000, 27.6000,  5.4000, 51.5000, 27.6000,  0, 255, 0
L 41.6000, 107.2000, 11.9000,  58.0000, 112.1000, 11.2000,  0, 127, 0
L 14.9000, 64.3000, 27.6000,  5.3000, 62.6000, 27.6000,  0, 255, 0
L 14.5000, 52.7000, 38.7000,  16.9000, 53.1000, 42.4000,  0, 255, 0
L 17.2000, 77.1000, 27.6000,  13.1000, 99.8000, 27.6000,  0, 255, 0
L 193.0000, 109.7000, -5.1000,  196.5000, 110.4000, -5.1000,  0, 240, 240
L 12.0000, 80.8000, 42.4000,  13.4000, 81.0000, 42.4000,  127, 127, 127
L 14.5000, 52.7000, 38.7000,  12.5000, 63.9000, 38.7000,  127, 127, 127
L 200.0000, 101.4000, 10.4000,  202.1000, 89.3000, 10.4000,  0, 127, 0
L 181.8000, 85.2000, 56.6000,  183.7000, 74.0000, 56.6000,  127, 127, 127
L -2.1000, 88.1000, 11.9000,  13.8000, 96.6000, 11.9000,  0, 127, 0
L 20.8000, 50.1000, 11.9000,  10.1000, 51.8000, 11.9000,  0, 127, 0
L 206.6000, 89.7000, 2.6000,  216.1000, 91.4000, 2.6000,  127, 127, 127
L 16.9000, 53.1000, 42.4000,  18.3000, 53.4000, 42.4000,  0, 0, 0
L 39.4000, 106.3000, 11.9000,  44.1000, 79.6000, 11.9000,  0, 127, 0
L 176.5000, 72.7000, 45.5000,  178.9000, 73.1000, 49.2000,  240, 240, 0
L 12.8000, 76.3000, 27.6000,  12.0000, 80.8000, 27.6000,  0, 255, 0
L 206.4000, 91.0000, 0.7000,  215.9000, 92.6000, 0.7000,  127, 127, 127
L 216.1000, 91.4000, 2.6000,  215.9000, 92.6000, 0.7000,  0, 240, 240
L 206.6000, 89.7000, 2.6000,  206.4000, 91.0000, 0.7000,  0, 240, 240
L 18.3000, 53.4000, 42.4000,  19.1000, 48.7000, 42.4000,  127, 127, 127
L 9.6000, 80.4000, 38.7000,  12.0000, 80.8000, 42.4000,  0, 255, 0
L 174.6000, 83.9000, 45.5000,  177.0000, 84.3000, 49.2000,  240, 240, 0
L 79.3000, 49.5000, 42.4000,  19.1000, 48.7000, 42.4000,  0, 0, 0
L 4.8000, 79.5000, 31.3000,  7.2000, 79.9000, 35.0000,  0, 255, 0
L 10.0000, 92.0000, 42.4000,  12.0000, 80.8000, 42.4000,  127, 127, 127
L 10.6000, 96.8000, 42.4000,  31.3000, 104.1000, 42.4000,  0, 0, 0
L 0.4000, 90.3000, 27.6000,  2.8000, 90.7000, 31.3000,  0, 255, 0
L 2.8000, 90.7000, 31.3000,  4.8000, 79.5000, 31.3000,  127, 127, 127
L 7.2000, 79.9000, 35.0000,  9.6000, 80.4000, 38.7000,  0, 255, 0
L 206.9000, 88.5000, 4.6000,  206.6000, 89.7000, 2.6000,  0, 240, 240
L 206.9000, 88.5000, 4.6000,  216.4000, 90.2000, 4.6000,  127, 127, 127
L 191.5000, 82.1000, 25.6000,  190.5000, 87.7000, 25.6000,  0, 255, 0
L 184.6000, 86.7000, 25.6000,  179.0000, 118.1000, 25.6000,  0, 255, 0
L 205.2000, 98.9000, 69.9000,  202.8000, 112.5000, 69.9000,  127, 127, 127
L 205.2000, 98.9000, 69.9000,  206.7000, 90.4000, 69.9000,  127, 127, 127
L 206.7000, 90.4000, 69.9000,  206.7000, 90.4000, 69.9000,  127, 0, 0
L 206.7000, 90.4000, 69.9000,  206.7000, 90.4000, 69.9000,  0, 0, 0
L 207.3000, 87.1000, 69.9000,  206.7000, 90.4000, 69.9000,  127, 0, 0
L 207.3000, 87.1000, 69.9000,  242.8000, 93.4000, 69.9000,  127, 0, 0
L 236.2000, 130.5000, 69.9000,  242.8000, 93.4000, 69.9000,  127, 0, 0
L 236.2000, 130.5000, 69.9000,  200.7000, 124.3000, 69.9000,  127, 0, 0
L 201.3000, 121.0000, 69.9000,  200.7000, 124.3000, 69.9000,  127, 0, 0
L 201.3000, 121.0000, 69.9000,  202.8000, 112.5000, 69.9000,  127, 127, 127
L 179.4000, 84.8000, 52.9000,  181.3000, 73.6000, 52.9000,  127, 127, 127
L 179.4000, 84.8000, 52.9000,  181.8000, 85.2000, 56.6000,  240, 240, 0
L 9.5000, 94.8000, 27.6000,  10.0000, 92.0000, 27.6000,  0, 255, 0
L 16.9000, 53.1000, 27.6000,  17.3000, 50.5000, 27.6000,  0, 255, 0
L 177.0000, 84.3000, 49.2000,  179.4000, 84.8000, 52.9000,  240, 240, 0
L 10.1000, 51.8000, 11.9000,  4.3000, 52.6000, 11.9000,  0, 127, 0
L 12.1000, 52.3000, 35.0000,  14.5000, 52.7000, 38.7000,  0, 255, 0
L 10.0000, 92.0000, 27.6000,  0.4000, 90.3000, 27.6000,  0, 255, 0
L 172.2000, 83.5000, 41.8000,  174.6000, 83.9000, 45.5000,  240, 240, 0
L 50.2000, 49.9000, 24.4000,  49.8000, 52.2000, 22.5000,  0, 127, 0
L 67.2000, 44.6000, 26.1000,  56.8000, 104.3000, 26.1000,  0, 255, 0
L 37.1000, 47.6000, 24.4000,  50.2000, 49.9000, 24.4000,  127, 127, 127
L 37.1000, 47.6000, 24.4000,  36.8000, 49.8000, 22.6000,  0, 127, 0
L 36.8000, 49.8000, 22.6000,  49.8000, 52.2000, 22.5000,  127, 127, 127
L 209.5000, 131.8000, 41.8000,  226.8000, 134.9000, 41.8000,  0, 0, 0
L 212.7000, 110.9000, -5.1000,  213.8000, 104.7000, -5.1000,  0, 240, 240
L 200.0000, 101.4000, 10.4000,  204.4000, 102.2000, 10.4000,  0, 127, 0
L 198.6000, 109.5000, 10.4000,  203.0000, 110.2000, 10.4000,  0, 127, 0
L 36.0000, 54.1000, 19.0000,  35.6000, 56.3000, 17.2000,  0, 127, 0
L 106.5000, 122.1000, -5.1000,  112.5000, 122.8000, -5.1000,  0, 240, 240
L 124.5000, 49.1000, 25.6000,  81.1000, 44.0000, 25.6000,  0, 255, 0
L 37.5000, 45.4000, 26.2000,  37.1000, 47.6000, 24.4000,  0, 127, 0
L 50.6000, 47.8000, 26.2000,  50.2000, 49.9000, 24.4000,  0, 127, 0
L 35.6000, 56.3000, 17.2000,  48.7000, 58.6000, 17.2000,  127, 127, 127
L 49.0000, 56.4000, 19.0000,  48.7000, 58.6000, 17.2000,  0, 127, 0
L 36.0000, 54.1000, 19.0000,  49.0000, 56.4000, 19.0000,  127, 127, 127
L 120.9000, 88.2000, 25.6000,  117.8000, 87.5000, 25.6000,  0, 255, 0
L 44.9000, 102.0000, -5.1000,  70.5000, 112.3000, -5.1000,  0, 240, 240
L 189.1000, 121.8000, 10.4000,  189.6000, 119.2000, 10.4000,  0, 127, 0
L 182.2000, 96.6000, 41.8000,  187.7000, 97.5000, 41.8000,  0, 0, 0
L 221.2000, 84.5000, 41.8000,  185.8000, 75.8000, 41.8000,  0, 0, 0
L 193.4000, 119.9000, 10.4000,  189.6000, 119.2000, 10.4000,  0, 127, 0
L 183.5000, 89.3000, 41.8000,  183.0000, 91.7000, 41.8000,  205, 133, 63
L 90.8000, 118.4000, 49.9000,  90.8000, 118.4000, 49.9000,  127, 64, 0
L 198.4000, 91.5000, 10.4000,  194.6000, 90.8000, 10.4000,  0, 127, 0
L 181.9000, 91.5000, 41.8000,  180.7000, 91.3000, 41.8000,  205, 133, 63
L 50.3000, 49.0000, 11.9000,  64.7000, 50.4000, 11.9000,  0, 127, 0
L 67.4000, 51.9000, 11.9000,  94.4000, 52.4000, 10.8000,  0, 127, 0
L 240.9000, 90.9000, 55.6000,  241.5000, 79.8000, 56.6000,  240, 240, 0
L 117.8000, 87.5000, 25.6000,  124.5000, 49.1000, 25.6000,  0, 255, 0
L 235.3000, 87.0000, 41.8000,  221.2000, 84.5000, 41.8000,  0, 0, 0
L 127.7000, 49.3000, 25.6000,  120.9000, 88.2000, 25.6000,  0, 255, 0
L 177.0000, 112.2000, 41.8000,  176.6000, 114.7000, 41.8000,  205, 133, 63
L 226.8000, 134.9000, 41.8000,  235.3000, 87.0000, 41.8000,  0, 0, 0
L 13.7000, 71.3000, 27.6000,  13.2000, 73.8000, 27.6000,  205, 133, 63
L -0.1000, 54.5000, -5.1000,  -14.7000, 57.2000, -5.1000,  0, 240, 240
L 32.0000, 77.4000, 11.9000,  23.4000, 75.8000, 11.9000,  0, 127, 0
L 235.3000, 82.6000, 25.6000,  211.9000, 72.5000, 25.6000,  0, 255, 0
L 171.6000, 129.1000, 52.9000,  173.5000, 117.9000, 52.9000,  127, 127, 127
L 198.8000, 89.2000, 25.6000,  199.8000, 83.6000, 25.6000,  0, 255, 0
L 188.5000, 118.7000, 55.6000,  191.7000, 119.3000, 59.2000,  127, 0, 0
L 36.4000, 52.0000, 20.8000,  36.0000, 54.1000, 19.0000,  0, 127, 0
L 208.6000, 90.9000, 25.6000,  198.8000, 89.2000, 25.6000,  0, 255, 0
L 180.8000, 105.6000, 10.4000,  175.6000, 134.7000, 10.4000,  0, 127, 0
L 171.6000, 129.1000, 52.9000,  174.0000, 129.5000, 56.6000,  240, 240, 0
L 178.2000, 105.2000, 10.4000,  180.8000, 105.6000, 10.4000,  0, 127, 0
L 175.9000, 118.3000, 41.8000,  176.1000, 117.1000, 41.8000,  0, 0, 0
L 200.3000, 89.3000, 62.7000,  203.5000, 89.8000, 66.3000,  127, 0, 0
L 141.7000, 130.3000, 41.8000,  173.1000, 134.2000, 41.8000,  0, 0, 0
L 163.4000, 66.2000, -5.1000,  159.4000, 65.3000, -5.1000,  0, 240, 240
L 210.5000, 123.1000, 0.7000,  210.8000, 121.9000, -1.3000,  0, 240, 240
L 201.3000, 120.3000, -1.3000,  210.8000, 121.9000, -1.3000,  127, 127, 127
L 201.0000, 121.5000, 0.7000,  201.3000, 120.3000, -1.3000,  0, 240, 240
L 201.0000, 121.5000, 0.7000,  210.5000, 123.1000, 0.7000,  127, 127, 127
L 198.4000, 79.1000, -5.1000,  163.4000, 66.2000, -5.1000,  0, 240, 240
L 58.0000, 112.1000, 11.2000,  78.6000, 118.4000, 10.8000,  0, 127, 0
L 200.8000, 122.7000, 2.6000,  210.3000, 124.4000, 2.6000,  127, 127, 127
L 175.9000, 118.3000, 41.8000,  166.3000, 116.6000, 41.8000,  0, 0, 0
L 200.4000, 125.1000, 6.5000,  209.9000, 126.8000, 6.5000,  127, 127, 127
L 211.2000, 119.5000, -5.1000,  211.2000, 119.5000, -5.1000,  127, 127, 127
L 173.1000, 134.2000, 41.8000,  174.0000, 129.5000, 41.8000,  0, 0, 0
L 34.8000, 51.2000, 11.9000,  30.2000, 50.7000, 11.9000,  0, 127, 0
L 4.3000, 52.6000, 11.9000,  -2.1000, 88.1000, 11.9000,  0, 127, 0
L 200.6000, 123.9000, 4.6000,  200.8000, 122.7000, 2.6000,  0, 240, 240
L 179.3000, 98.7000, 10.4000,  181.8000, 84.9000, 10.4000,  0, 127, 0
L 187.3000, 68.8000, 10.4000,  181.9000, 99.1000, 10.4000,  0, 127, 0
L 169.1000, 128.7000, 49.2000,  171.6000, 129.1000, 52.9000,  240, 240, 0
L 176.1000, 117.1000, 41.8000,  177.3000, 117.3000, 41.8000,  0, 0, 0
L 48.7000, 58.6000, 17.2000,  48.3000, 60.7000, 15.5000,  0, 127, 0
L 200.8000, 122.7000, 2.6000,  201.0000, 121.5000, 0.7000,  0, 240, 240
L 200.6000, 123.9000, 4.6000,  210.1000, 125.6000, 4.6000,  127, 127, 127
L 123.6000, 59.9000, -5.1000,  111.4000, 57.2000, -5.1000,  0, 240, 240
L 211.9000, 72.5000, 25.6000,  208.6000, 90.9000, 25.6000,  0, 255, 0
L 225.3000, 139.1000, 25.6000,  235.3000, 82.6000, 25.6000,  0, 255, 0
L 164.3000, 127.8000, 41.8000,  166.7000, 128.2000, 45.5000,  240, 240, 0
L 146.5000, 60.4000, 10.4000,  184.9000, 67.7000, 10.4000,  0, 127, 0
L 56.3000, 53.5000, -5.1000,  45.9000, 53.4000, -5.1000,  0, 240, 240
L 208.5000, 87.9000, 55.6000,  206.0000, 102.1000, 55.6000,  240, 240, 0
L 193.9000, 88.1000, 55.6000,  197.1000, 88.7000, 59.2000,  127, 0, 0
L 189.4000, 129.7000, -5.1000,  193.0000, 109.7000, -5.1000,  0, 240, 240
L 146.5000, 81.6000, -5.1000,  121.8000, 77.2000, -5.1000,  0, 240, 240
L 121.8000, 77.2000, -5.1000,  123.6000, 59.9000, -5.1000,  0, 240, 240
L 210.3000, 124.4000, 2.6000,  210.5000, 123.1000, 0.7000,  0, 240, 240
L 49.8000, 52.2000, 22.5000,  49.4000, 54.2000, 20.8000,  0, 127, 0
L 5.3000, 62.6000, 27.6000,  7.2000, 51.4000, 27.6000,  127, 127, 127
L 200.4000, 125.1000, 6.5000,  200.6000, 123.9000, 4.6000,  0, 240, 240
L 209.9000, 126.8000, 6.5000,  210.1000, 125.6000, 4.6000,  0, 240, 240
L 168.7000, 117.0000, 45.5000,  171.1000, 117.5000, 49.2000,  240, 240, 0
L 36.8000, 49.8000, 22.6000,  36.4000, 52.0000, 20.8000,  0, 127, 0
L 198.8000, 97.8000, 62.7000,  200.3000, 89.3000, 62.7000,  127, 127, 127
L 140.4000, 108.9000, -5.1000,  152.6000, 109.6000, -5.1000,  0, 240, 240
L 199.6000, 122.1000, 55.6000,  188.3000, 120.1000, 55.6000,  240, 240, 0
L 200.2000, 126.4000, 8.4000,  209.7000, 128.0000, 8.4000,  127, 127, 127
L 240.9000, 90.9000, 55.6000,  233.6000, 132.2000, 55.6000,  240, 240, 0
L 188.5000, 118.7000, 55.6000,  190.0000, 110.2000, 55.6000,  127, 127, 127
L 215.9000, 92.6000, 0.7000,  215.7000, 93.9000, -1.3000,  0, 240, 240
L 206.4000, 91.0000, 0.7000,  206.2000, 92.2000, -1.3000,  0, 240, 240
L 206.2000, 92.2000, -1.3000,  215.7000, 93.9000, -1.3000,  127, 127, 127
L 201.7000, 117.8000, -5.1000,  195.3000, 116.7000, -5.1000,  0, 240, 240
L 203.6000, 99.9000, 55.6000,  192.2000, 97.9000, 55.6000,  240, 240, 0
L 201.4000, 111.9000, 55.6000,  190.1000, 109.9000, 55.6000,  240, 240, 0
L 201.8000, 110.2000, 55.6000,  201.4000, 111.9000, 55.6000,  240, 240, 0
L 210.1000, 125.6000, 4.6000,  210.3000, 124.4000, 2.6000,  0, 240, 240
L 215.3000, 81.7000, 10.4000,  217.2000, 85.5000, 10.4000,  0, 127, 0
L 200.2000, 126.4000, 8.4000,  200.4000, 125.1000, 6.5000,  0, 240, 240
L 200.0000, 127.6000, 10.4000,  200.2000, 126.4000, 8.4000,  0, 240, 240
L 200.0000, 127.6000, 10.4000,  209.5000, 129.3000, 10.4000,  127, 127, 127
L 209.5000, 129.3000, 10.4000,  209.7000, 128.0000, 8.4000,  0, 240, 240
L 203.1000, 110.4000, 55.6000,  201.8000, 110.2000, 55.6000,  240, 240, 0
L 188.3000, 120.1000, 55.6000,  188.5000, 118.7000, 55.6000,  240, 240, 0
L 204.5000, 110.7000, 55.6000,  203.1000, 110.4000, 55.6000,  240, 240, 0
L 195.3000, 116.7000, -5.1000,  196.5000, 110.4000, -5.1000,  0, 240, 240
L 201.3000, 120.3000, -1.3000,  201.5000, 119.0000, -3.2000,  0, 240, 240
L 210.8000, 121.9000, -1.3000,  211.0000, 120.7000, -3.2000,  0, 240, 240
L 201.5000, 119.0000, -3.2000,  211.0000, 120.7000, -3.2000,  127, 127, 127
L 205.5000, 88.7000, 55.6000,  194.1000, 86.7000, 55.6000,  240, 240, 0
L 204.5000, 110.7000, 55.6000,  201.9000, 125.0000, 55.6000,  240, 240, 0
L 229.7000, 129.3000, 55.6000,  201.9000, 125.0000, 55.6000,  240, 240, 0
L 206.2000, 84.8000, 55.6000,  240.9000, 90.9000, 55.6000,  240, 240, 0
L 198.9000, 126.1000, 55.6000,  233.6000, 132.2000, 55.6000,  240, 240, 0
L 178.9000, 73.1000, 49.2000,  181.3000, 73.6000, 52.9000,  240, 240, 0
L 190.0000, 110.2000, 55.6000,  190.1000, 109.9000, 55.6000,  240, 240, 0
L 236.5000, 92.7000, 55.6000,  229.7000, 129.3000, 55.6000,  240, 240, 0
L 209.7000, 128.0000, 8.4000,  209.9000, 126.8000, 6.5000,  0, 240, 240
L -1.3000, 90.4000, 27.6000,  9.5000, 94.8000, 27.6000,  0, 255, 0
L 203.3000, 101.7000, 55.6000,  204.6000, 101.9000, 55.6000,  240, 240, 0
L 10.1000, 63.5000, 35.0000,  12.5000, 63.9000, 38.7000,  0, 255, 0
L 201.5000, 119.0000, -3.2000,  201.7000, 117.8000, -5.1000,  0, 240, 240
L 205.8000, 94.6000, -5.1000,  199.4000, 93.5000, -5.1000,  0, 240, 240
L 206.2000, 133.2000, 10.4000,  209.3000, 130.3000, 10.4000,  0, 127, 0
L 13.8000, 96.6000, 11.9000,  27.7000, 102.1000, 11.9000,  0, 127, 0
L 177.0000, 84.3000, 49.2000,  178.9000, 73.1000, 49.2000,  127, 127, 127
L 211.2000, 119.5000, -5.1000,  201.7000, 117.8000, -5.1000,  127, 127, 127
L 12.1000, 52.3000, 35.0000,  10.1000, 63.5000, 35.0000,  127, 127, 127
L 211.0000, 120.7000, -3.2000,  211.2000, 119.5000, -5.1000,  0, 240, 240
L 203.0000, 110.2000, 10.4000,  200.0000, 127.6000, 10.4000,  0, 127, 0
L 209.5000, 129.3000, 10.4000,  209.3000, 130.3000, 10.4000,  0, 127, 0
L 204.6000, 101.9000, 55.6000,  206.0000, 102.1000, 55.6000,  240, 240, 0
L 203.3000, 101.7000, 55.6000,  203.6000, 99.9000, 55.6000,  240, 240, 0
L 192.4000, 96.7000, 55.6000,  192.2000, 97.9000, 55.6000,  240, 240, 0
L 193.9000, 88.1000, 55.6000,  192.4000, 96.7000, 55.6000,  127, 127, 127
L 193.9000, 88.1000, 55.6000,  194.1000, 86.7000, 55.6000,  240, 240, 0
L 205.5000, 88.7000, 55.6000,  206.2000, 84.8000, 55.6000,  240, 240, 0
L 198.9000, 126.1000, 55.6000,  199.6000, 122.1000, 55.6000,  240, 240, 0
L 181.3000, 73.6000, 52.9000,  183.7000, 74.0000, 56.6000,  240, 240, 0
L 199.4000, 93.5000, -5.1000,  198.3000, 99.9000, -5.1000,  0, 240, 240
L 27.7000, 102.1000, 11.9000,  39.4000, 106.3000, 11.9000,  0, 127, 0
L 166.3000, 116.6000, 41.8000,  168.7000, 117.0000, 45.5000,  240, 240, 0
L 23.4000, 75.8000, 11.9000,  27.8000, 50.7000, 11.9000,  0, 127, 0
L 194.9000, 119.8000, 62.7000,  198.1000, 120.4000, 66.3000,  127, 0, 0
L 15.4000, 74.2000, 27.6000,  15.0000, 76.7000, 27.6000,  205, 133, 63
L 166.7000, 128.2000, 45.5000,  169.1000, 128.7000, 49.2000,  240, 240, 0
L 13.3000, 92.7000, -5.1000,  44.9000, 102.0000, -5.1000,  0, 240, 240
L 6.5000, 56.2000, -5.1000,  -0.1000, 54.5000, -5.1000,  0, 240, 240
L 193.2000, 110.8000, 59.2000,  190.0000, 110.2000, 55.6000,  127, 0, 0
L 16.3000, 69.2000, 27.6000,  15.8000, 71.7000, 27.6000,  205, 133, 63
L -14.7000, 57.2000, -5.1000,  -18.2000, 77.3000, -5.1000,  0, 240, 240
L 116.7000, 105.0000, -5.1000,  140.4000, 108.9000, -5.1000,  0, 240, 240
L 181.8000, 85.2000, 41.8000,  172.2000, 83.5000, 41.8000,  0, 0, 0
L 15.4000, 74.2000, 27.6000,  13.2000, 73.8000, 27.6000,  205, 133, 63
L 166.3000, 116.6000, 41.8000,  164.3000, 127.8000, 41.8000,  127, 127, 127
L 213.8000, 104.7000, -5.1000,  215.3000, 96.3000, -5.1000,  0, 240, 240
L 191.7000, 119.3000, 59.2000,  193.2000, 110.8000, 59.2000,  127, 127, 127
L 27.8000, 50.7000, 11.9000,  20.8000, 50.1000, 11.9000,  0, 127, 0
L 112.5000, 122.8000, -5.1000,  116.7000, 105.0000, -5.1000,  0, 240, 240
L 198.1000, 120.4000, 66.3000,  201.3000, 121.0000, 69.9000,  127, 0, 0
L 199.6000, 111.9000, 66.3000,  196.4000, 111.3000, 62.7000,  127, 0, 0
L 175.6000, 134.7000, 10.4000,  206.2000, 133.2000, 10.4000,  0, 127, 0
L 182.3000, 82.1000, 10.4000,  107.5000, 68.4000, 10.4000,  0, 127, 0
L 198.8000, 97.8000, 62.7000,  195.6000, 97.2000, 59.2000,  127, 0, 0
L 193.4000, 119.9000, 10.4000,  198.4000, 91.5000, 10.4000,  0, 127, 0
L 18.0000, 72.1000, 27.6000,  17.6000, 74.6000, 27.6000,  205, 133, 63
L 17.6000, 74.6000, 27.6000,  15.4000, 74.2000, 27.6000,  205, 133, 63
L 15.0000, 76.7000, 27.6000,  17.2000, 77.1000, 27.6000,  0, 255, 0
L 46.8000, 77.7000, 11.9000,  41.6000, 107.2000, 11.9000,  0, 127, 0
L 198.1000, 120.4000, 66.3000,  199.6000, 111.9000, 66.3000,  127, 127, 127
L 189.1000, 121.8000, 10.4000,  196.2000, 123.1000, 10.4000,  0, 127, 0
L 106.8000, 72.3000, 10.4000,  107.5000, 68.4000, 10.4000,  0, 127, 0
L 198.6000, 109.5000, 10.4000,  196.2000, 123.1000, 10.4000,  0, 127, 0
L 184.9000, 67.7000, 10.4000,  182.3000, 82.1000, 10.4000,  0, 127, 0
L 18.0000, 72.1000, 27.6000,  15.8000, 71.7000, 27.6000,  205, 133, 63
L 191.7000, 119.3000, 59.2000,  194.9000, 119.8000, 62.7000,  127, 0, 0
L 174.0000, 129.5000, 56.6000,  175.9000, 118.3000, 56.6000,  127, 127, 127
L 0.8000, 83.0000, -5.1000,  13.3000, 92.7000, -5.1000,  0, 240, 240
L 194.9000, 119.8000, 62.7000,  196.4000, 111.3000, 62.7000,  127, 127, 127
L 152.6000, 109.6000, -5.1000,  150.9000, 129.7000, -5.1000,  0, 240, 240
L 106.8000, 72.3000, 10.4000,  181.8000, 84.9000, 10.4000,  0, 127, 0
L 196.4000, 111.3000, 62.7000,  193.2000, 110.8000, 59.2000,  127, 0, 0
L 64.7000, 50.4000, 11.9000,  55.9000, 100.4000, 11.9000,  0, 127, 0
L 182.7000, 86.6000, 41.8000,  182.3000, 89.1000, 41.8000,  205, 133, 63
L 177.7000, 114.9000, 41.8000,  176.6000, 114.7000, 41.8000,  205, 133, 63
L 174.0000, 129.5000, 56.6000,  173.2000, 133.8000, 56.6000,  240, 240, 0
L 55.9000, 100.4000, 11.9000,  58.8000, 100.9000, 11.9000,  0, 127, 0
L 203.0000, 110.2000, 10.4000,  204.4000, 102.2000, 10.4000,  0, 127, 0
L 183.5000, 89.3000, 41.8000,  182.3000, 89.1000, 41.8000,  205, 133, 63
L 34.5000, 62.8000, 11.9000,  36.5000, 51.5000, 11.9000,  0, 127, 0
L 178.6000, 110.0000, 41.8000,  178.2000, 112.4000, 41.8000,  205, 133, 63
L 180.3000, 93.7000, 41.8000,  181.5000, 93.9000, 41.8000,  0, 0, 0
L 13.1000, 99.8000, 27.6000,  25.5000, 105.2000, 27.2000,  0, 255, 0
L 27.7000, 106.1000, 27.1000,  52.2000, 115.9000, 26.2000,  0, 255, 0
L 184.7000, 68.6000, 42.3000,  138.6000, 57.7000, 42.5000,  0, 0, 0
L 68.1000, 122.8000, 25.6000,  109.7000, 132.9000, 25.6000,  0, 255, 0
L 48.3000, 60.7000, 15.5000,  47.9000, 62.9000, 13.7000,  0, 127, 0
L 124.3000, 136.3000, 25.6000,  172.5000, 142.0000, 25.6000,  0, 255, 0
L -22.2000, 81.3000, 29.8000,  -1.3000, 90.4000, 27.6000,  0, 255, 0
L 111.4000, 57.2000, -5.1000,  108.3000, 57.1000, -5.1000,  0, 240, 240
L 56.8000, 104.3000, 26.1000,  54.4000, 103.8000, 26.1000,  0, 255, 0
L 183.7000, 74.0000, 41.8000,  184.7000, 68.6000, 42.3000,  0, 0, 0
L 5.2000, 91.1000, 35.0000,  7.6000, 91.6000, 38.7000,  0, 255, 0
L 181.6000, 86.4000, 41.8000,  183.9000, 86.8000, 41.8000,  0, 0, 0
L 7.6000, 91.6000, 38.7000,  10.0000, 92.0000, 42.4000,  0, 255, 0
L 199.2000, 127.5000, 25.6000,  192.3000, 126.2000, 25.6000,  0, 255, 0
L 172.5000, 142.0000, 25.6000,  197.0000, 140.7000, 25.6000,  0, 255, 0
L 55.4000, 111.8000, 26.1000,  54.4000, 117.4000, 26.1000,  0, 255, 0
L 28.9000, 86.2000, 27.2000,  31.2000, 86.6000, 27.1000,  0, 255, 0
L 54.4000, 117.4000, 26.1000,  68.1000, 122.8000, 25.6000,  0, 255, 0
L 197.0000, 140.7000, 25.6000,  199.2000, 127.5000, 25.6000,  0, 255, 0
L 192.6000, 106.5000, 41.8000,  188.9000, 105.8000, 41.8000,  0, 0, 0
L 2.4000, 79.1000, 27.6000,  0.4000, 90.3000, 27.6000,  127, 127, 127
L 90.4000, 120.2000, 41.8000,  126.6000, 128.1000, 41.8000,  0, 0, 0
L 12.0000, 80.8000, 27.6000,  2.4000, 79.1000, 27.6000,  0, 255, 0
L 2.8000, 90.7000, 31.3000,  5.2000, 91.1000, 35.0000,  0, 255, 0
L 193.1000, 103.6000, 41.8000,  192.6000, 106.5000, 41.8000,  0, 0, 0
L 5.2000, 91.1000, 35.0000,  7.2000, 79.9000, 35.0000,  127, 127, 127
L 181.8000, 85.2000, 41.8000,  181.6000, 86.4000, 41.8000,  0, 0, 0
L 138.6000, 57.7000, 42.5000,  79.3000, 49.5000, 42.4000,  0, 0, 0
L 189.5000, 102.9000, 41.8000,  193.1000, 103.6000, 41.8000,  0, 0, 0
L 173.0000, 135.1000, 10.4000,  178.2000, 105.2000, 10.4000,  0, 127, 0
L 10.0000, 92.0000, 42.4000,  11.4000, 92.2000, 42.4000,  127, 127, 127
L 31.2000, 86.6000, 27.1000,  27.7000, 106.1000, 27.1000,  0, 255, 0
L 175.1000, 123.2000, 25.6000,  182.6000, 80.5000, 25.6000,  0, 255, 0
L 181.9000, 99.1000, 10.4000,  179.3000, 98.7000, 10.4000,  0, 127, 0
L 35.5000, 45.6000, 27.2000,  23.0000, 46.5000, 27.6000,  0, 255, 0
L 2.4000, 79.1000, 27.6000,  4.8000, 79.5000, 31.3000,  0, 255, 0
L 7.6000, 91.6000, 38.7000,  9.6000, 80.4000, 38.7000,  127, 127, 127
L 37.5000, 45.4000, 25.6000,  35.5000, 45.6000, 27.2000,  0, 255, 0
L 149.8000, 63.0000, -5.1000,  146.5000, 81.6000, -5.1000,  0, 240, 240
L 5.4000, 51.5000, 27.6000,  -17.2000, 53.3000, 29.6000,  0, 255, 0
L 25.5000, 105.2000, 27.2000,  28.9000, 86.2000, 27.2000,  0, 255, 0
L 179.3000, 112.7000, 41.8000,  178.9000, 115.1000, 41.8000,  205, 133, 63
L 203.1000, 122.3000, 25.6000,  200.1000, 140.5000, 25.6000,  0, 255, 0
L -31.0000, 76.4000, 32.3000,  -22.2000, 81.3000, 29.8000,  0, 255, 0
L 119.7000, 94.7000, 25.6000,  112.9000, 133.7000, 25.6000,  0, 255, 0
L 112.9000, 133.7000, 25.6000,  124.3000, 136.3000, 25.6000,  0, 255, 0
L 116.6000, 94.2000, 25.6000,  119.7000, 94.7000, 25.6000,  0, 255, 0
L 192.3000, 126.2000, 25.6000,  193.2000, 120.6000, 25.6000,  0, 255, 0
L 7.7000, 63.1000, 31.3000,  10.1000, 63.5000, 35.0000,  0, 255, 0
L 109.7000, 132.9000, 25.6000,  116.6000, 94.2000, 25.6000,  0, 255, 0
L 67.5000, 115.6000, 41.8000,  90.4000, 120.2000, 41.8000,  0, 0, 0
L 58.2000, 82.3000, 26.2000,  32.8000, 77.6000, 27.1000,  0, 255, 0
L 53.0000, 111.3000, 26.1000,  55.4000, 111.8000, 26.1000,  0, 255, 0
L 193.2000, 120.6000, 25.6000,  203.1000, 122.3000, 25.6000,  0, 255, 0
L 200.1000, 140.5000, 25.6000,  225.3000, 139.1000, 25.6000,  0, 255, 0
L 52.2000, 115.9000, 26.2000,  53.0000, 111.3000, 26.2000,  0, 255, 0
L 54.4000, 103.8000, 26.2000,  58.2000, 82.3000, 26.2000,  0, 255, 0
L 9.6000, 51.9000, 31.3000,  7.7000, 63.1000, 31.3000,  127, 127, 127
L 64.8000, 44.9000, 26.2000,  37.5000, 45.4000, 25.6000,  0, 255, 0
L 205.0000, 107.8000, 55.6000,  203.6000, 107.6000, 55.6000,  205, 133, 63
L 207.1000, 87.3000, 6.5000,  206.9000, 88.5000, 4.6000,  0, 240, 240
L 216.6000, 89.0000, 6.5000,  216.4000, 90.2000, 4.6000,  0, 240, 240
L 207.1000, 87.3000, 6.5000,  216.6000, 89.0000, 6.5000,  127, 127, 127
L 207.3000, 86.1000, 8.4000,  207.1000, 87.3000, 6.5000,  0, 240, 240
L 183.0000, 91.7000, 41.8000,  181.9000, 91.5000, 41.8000,  205, 133, 63
L 38.2000, 76.2000, 11.9000,  46.8000, 77.7000, 11.9000,  0, 127, 0
L 177.7000, 114.9000, 41.8000,  177.3000, 117.3000, 41.8000,  205, 133, 63
L 184.5000, 69.7000, 56.6000,  241.5000, 79.8000, 56.6000,  240, 240, 0
L 34.9000, 60.6000, 13.7000,  34.5000, 62.8000, 11.9000,  0, 127, 0
L 44.1000, 79.6000, 11.9000,  37.8000, 78.5000, 11.9000,  0, 127, 0
L 47.9000, 62.9000, 13.7000,  47.5000, 65.1000, 11.9000,  0, 127, 0
L 34.9000, 60.6000, 13.7000,  47.9000, 62.9000, 13.7000,  127, 127, 127
L 34.5000, 62.8000, 11.9000,  47.5000, 65.1000, 11.9000,  127, 127, 127
L 75.2000, 53.8000, -5.1000,  56.3000, 53.5000, -5.1000,  0, 240, 240
L 7.2000, 51.4000, 27.6000,  9.6000, 51.9000, 31.3000,  0, 255, 0
L 215.3000, 81.7000, 10.4000,  187.3000, 68.8000, 10.4000,  0, 127, 0
L 32.4000, 75.2000, 11.9000,  32.0000, 77.4000, 11.9000,  0, 127, 0
L 47.5000, 65.1000, 11.9000,  50.3000, 49.0000, 11.9000,  0, 127, 0
L 207.3000, 86.1000, 8.4000,  216.8000, 87.8000, 8.4000,  127, 127, 127
L 205.5000, 105.0000, 55.6000,  204.1000, 104.8000, 55.6000,  205, 133, 63
L 184.5000, 69.7000, 56.6000,  183.7000, 74.0000, 56.6000,  240, 240, 0
L 126.5000, 129.0000, 10.4000,  173.0000, 135.1000, 10.4000,  0, 127, 0
L 23.0000, 46.5000, 27.6000,  18.5000, 69.6000, 27.6000,  0, 255, 0
L 233.6000, 132.2000, 55.6000,  230.2000, 143.9000, 56.6000,  240, 240, 0
L 35.6000, 56.3000, 17.2000,  35.2000, 58.5000, 15.4000,  0, 127, 0
L 35.2000, 58.5000, 15.4000,  48.3000, 60.7000, 15.5000,  127, 127, 127
L 37.8000, 78.5000, 11.9000,  38.2000, 76.2000, 11.9000,  0, 127, 0
L 194.6000, 90.8000, 10.4000,  195.1000, 88.1000, 10.4000,  0, 127, 0
L 206.2000, 92.2000, -1.3000,  206.0000, 93.4000, -3.2000,  0, 240, 240
L 215.7000, 93.9000, -1.3000,  215.5000, 95.1000, -3.2000,  0, 240, 240
L 12.8000, 76.3000, 27.6000,  15.0000, 76.7000, 27.6000,  0, 255, 0
L 202.8000, 112.5000, 69.9000,  199.6000, 111.9000, 66.3000,  127, 0, 0
L 173.2000, 133.8000, 56.6000,  230.2000, 143.9000, 56.6000,  240, 240, 0
L 30.2000, 50.7000, 11.9000,  26.0000, 74.1000, 11.9000,  0, 127, 0
L 58.8000, 100.9000, 11.9000,  67.4000, 51.9000, 11.9000,  0, 127, 0
L 174.1000, 72.3000, 41.8000,  183.7000, 74.0000, 41.8000,  0, 0, 0
L 198.3000, 99.9000, -5.1000,  194.8000, 99.2000, -5.1000,  0, 240, 240
L 14.9000, 64.3000, 42.4000,  16.3000, 64.6000, 42.4000,  127, 127, 127
L 216.8000, 87.8000, 8.4000,  216.6000, 89.0000, 6.5000,  0, 240, 240
L 179.3000, 112.7000, 41.8000,  178.2000, 112.4000, 41.8000,  205, 133, 63
L 194.8000, 99.2000, -5.1000,  198.4000, 79.1000, -5.1000,  0, 240, 240
L 16.9000, 53.1000, 42.4000,  14.9000, 64.3000, 42.4000,  127, 127, 127
L 204.6000, 101.9000, 55.6000,  204.1000, 104.8000, 55.6000,  205, 133, 63
L 93.0000, 118.8000, -5.1000,  106.5000, 122.1000, -5.1000,  0, 240, 240
L 34.8000, 51.2000, 11.9000,  36.5000, 51.5000, 11.9000,  0, 127, 0
L 26.0000, 74.1000, 11.9000,  32.4000, 75.2000, 11.9000,  0, 127, 0
L 5.3000, 62.6000, 27.6000,  7.7000, 63.1000, 31.3000,  0, 255, 0
L 178.9000, 115.1000, 41.8000,  177.7000, 114.9000, 41.8000,  205, 133, 63
L 178.6000, 110.0000, 41.8000,  177.5000, 109.8000, 41.8000,  0, 0, 0
L 205.5000, 105.0000, 55.6000,  205.0000, 107.8000, 55.6000,  205, 133, 63
L 181.8000, 85.2000, 56.6000,  175.9000, 118.3000, 56.6000,  127, 127, 127
L 177.3000, 117.3000, 41.8000,  178.5000, 117.5000, 41.8000,  0, 0, 0
L 70.5000, 112.3000, -5.1000,  76.8000, 115.0000, -5.1000,  0, 240, 240
L 211.3000, 109.8000, 41.8000,  199.1000, 107.6000, 41.8000,  0, 0, 0
L 159.4000, 65.3000, -5.1000,  149.8000, 63.0000, -5.1000,  0, 240, 240
L 202.0000, 98.3000, 66.3000,  203.5000, 89.8000, 66.3000,  127, 127, 127
L 195.6000, 97.2000, 59.2000,  192.4000, 96.7000, 55.6000,  127, 0, 0
L 166.7000, 128.2000, 45.5000,  168.7000, 117.0000, 45.5000,  127, 127, 127
L 178.5000, 117.5000, 41.8000,  176.5000, 128.6000, 41.8000,  0, 0, 0
L 207.5000, 84.9000, 10.4000,  207.3000, 86.1000, 8.4000,  0, 240, 240
L 217.0000, 86.5000, 10.4000,  216.8000, 87.8000, 8.4000,  0, 240, 240
L 207.5000, 84.9000, 10.4000,  217.0000, 86.5000, 10.4000,  127, 127, 127
L 203.5000, 89.8000, 66.3000,  206.7000, 90.4000, 69.9000,  127, 0, 0
L 197.1000, 88.7000, 59.2000,  200.3000, 89.3000, 62.7000,  127, 0, 0
L 139.6000, 50.6000, 25.6000,  127.7000, 49.3000, 25.6000,  0, 255, 0
L 199.6000, 104.7000, 41.8000,  213.8000, 107.2000, 42.0000,  0, 0, 0
L 202.1000, 89.3000, 10.4000,  195.1000, 88.1000, 10.4000,  0, 127, 0
L 217.0000, 86.5000, 10.4000,  217.2000, 85.5000, 10.4000,  0, 127, 0
L 18.5000, 69.6000, 27.6000,  14.1000, 68.8000, 27.6000,  0, 255, 0
L 195.6000, 97.2000, 59.2000,  197.1000, 88.7000, 59.2000,  127, 127, 127
L 202.8000, 104.5000, 55.6000,  202.3000, 107.4000, 55.6000,  205, 133, 63
L 49.4000, 54.2000, 20.8000,  49.0000, 56.4000, 19.0000,  0, 127, 0
L 36.4000, 52.0000, 20.8000,  49.4000, 54.2000, 20.8000,  127, 127, 127
L 199.8000, 83.6000, 25.6000,  206.7000, 84.8000, 25.6000,  0, 255, 0
L 206.7000, 84.8000, 25.6000,  209.2000, 71.4000, 25.6000,  0, 255, 0
L 204.4000, 102.2000, 10.4000,  207.5000, 84.9000, 10.4000,  0, 127, 0
L 207.5000, 131.6000, 41.8000,  211.3000, 109.8000, 41.8000,  0, 0, 0
L 209.2000, 71.4000, 25.6000,  186.8000, 61.9000, 25.6000,  0, 255, 0
L 202.0000, 98.3000, 66.3000,  198.8000, 97.8000, 62.7000,  127, 0, 0
L 169.1000, 128.7000, 49.2000,  171.1000, 117.5000, 49.2000,  127, 127, 127
L 213.8000, 107.2000, 41.9000,  209.5000, 131.8000, 41.8000,  0, 0, 0
L 115.8000, 55.1000, 10.6000,  146.5000, 60.4000, 10.4000,  0, 127, 0
L 14.1000, 68.8000, 27.6000,  14.9000, 64.3000, 27.6000,  0, 255, 0
L 16.9000, 53.1000, 27.6000,  7.2000, 51.4000, 27.6000,  0, 255, 0
L 164.3000, 127.8000, 41.8000,  174.0000, 129.5000, 41.8000,  0, 0, 0
L 199.1000, 107.6000, 41.8000,  199.6000, 104.7000, 41.8000,  0, 0, 0
L 78.6000, 118.4000, 10.8000,  102.9000, 123.8000, 10.6000,  0, 127, 0
L 25.3000, 55.6000, -5.1000,  45.9000, 53.4000, -5.1000,  0, 240, 240
L 150.9000, 129.7000, -5.1000,  189.4000, 129.7000, -5.1000,  0, 240, 240
L 203.6000, 107.6000, 55.6000,  202.3000, 107.4000, 55.6000,  205, 133, 63
L -18.2000, 77.3000, -5.1000,  0.8000, 83.0000, -5.1000,  0, 240, 240
L 84.3000, 54.0000, -5.1000,  75.2000, 53.8000, -5.1000,  0, 240, 240
L 205.2000, 98.9000, 69.9000,  202.0000, 98.3000, 66.3000,  127, 0, 0
L 203.6000, 107.6000, 55.6000,  203.1000, 110.4000, 55.6000,  205, 133, 63
L 94.4000, 52.4000, 10.8000,  115.8000, 55.1000, 10.6000,  0, 127, 0
L 102.9000, 123.8000, 10.6000,  126.5000, 129.0000, 10.4000,  0, 127, 0
L 181.7000, 129.5000, 41.8000,  207.5000, 131.6000, 41.8000,  0, 0, 0
L 176.5000, 128.6000, 41.8000,  181.7000, 129.5000, 41.8000,  0, 0, 0
L 173.5000, 117.9000, 52.9000,  175.9000, 118.3000, 56.6000,  240, 240, 0
L 186.8000, 61.9000, 25.6000,  139.6000, 50.6000, 25.6000,  0, 255, 0
L 171.1000, 117.5000, 49.2000,  173.5000, 117.9000, 52.9000,  240, 240, 0
L 189.5000, 100.1000, 41.8000,  189.5000, 102.9000, 41.8000,  0, 0, 0
L 6.5000, 56.2000, -5.1000,  25.3000, 55.6000, -5.1000,  0, 240, 240
L 185.8000, 75.8000, 41.8000,  183.9000, 86.8000, 41.8000,  0, 0, 0
L 81.1000, 44.0000, 25.6000,  67.2000, 44.6000, 26.1000,  0, 255, 0
L 76.8000, 115.0000, -5.1000,  93.0000, 118.8000, -5.1000,  0, 240, 240
L 182.6000, 94.1000, 41.8000,  182.2000, 96.6000, 41.8000,  0, 0, 0
L 187.7000, 97.5000, 41.8000,  189.5000, 100.1000, 41.8000,  0, 0, 0
L 32.8000, 77.6000, 27.1000,  32.3000, 80.4000, 27.1000,  0, 255, 0
L 180.2000, 107.8000, 41.8000,  179.8000, 110.2000, 41.8000,  0, 0, 0
L 188.3000, 107.0000, 41.8000,  185.7000, 108.7000, 41.8000,  0, 0, 0
L 108.3000, 57.1000, -5.1000,  84.3000, 54.0000, -5.1000,  0, 240, 240
L 30.0000, 80.0000, 27.2000,  30.9000, 75.0000, 27.2000,  0, 255, 0
L 188.9000, 105.8000, 41.8000,  188.3000, 107.0000, 41.8000,  0, 0, 0
L 32.3000, 80.4000, 27.1000,  30.0000, 80.0000, 27.2000,  0, 255, 0
L 30.9000, 75.0000, 27.2000,  58.6000, 79.8000, 26.4000,  0, 255, 0
L 185.7000, 108.7000, 41.8000,  180.2000, 107.8000, 41.8000,  0, 0, 0
L 179.8000, 110.2000, 41.8000,  178.6000, 110.0000, 41.8000,  0, 0, 0
L 58.6000, 79.8000, 26.2000,  64.8000, 44.9000, 26.2000,  0, 255, 0
L 15.8000, 71.7000, 27.6000,  13.7000, 71.3000, 27.6000,  205, 133, 63
L 182.3000, 89.1000, 41.8000,  181.2000, 88.9000, 41.8000,  205, 133, 63
L 90.8000, 118.4000, 49.9000,  90.5000, 118.4000, 49.9000,  127, 64, 0
L 204.1000, 104.8000, 55.6000,  202.8000, 104.5000, 55.6000,  205, 133, 63
L 178.2000, 112.4000, 41.8000,  177.0000, 112.2000, 41.8000,  205, 133, 63
L 31.3000, 104.1000, 42.4000,  67.5000, 115.6000, 41.8000,  0, 0, 0
L 126.6000, 128.1000, 41.8000,  141.7000, 130.3000, 41.8000,  0, 0, 0
L 180.3000, 93.7000, 41.8000,  177.5000, 109.8000, 41.8000,  0, 0, 0
L -61.2000, 59.4000, 39.9000,  -31.0000, 76.4000, 32.3000,  0, 255, 0
P 201.0000, 119.0000, 41.0000,  0, 0, 0,  2,  Chatterbones
