P 951.0000, 1048.0000, -6.0000,  240, 240, 0,  2,  One_Way_(East)
P 949.0000, 1117.0000, -6.0000,  240, 240, 0,  2,  One_Way_(East)
P -18.0000, 1144.0000, -7.0000,  240, 240, 0,  2,  One_Way_(West)
P 1891.0000, -1231.0000, 163.0000,  240, 0, 0,  3,  to_The_Western_Wastes
P 739.9379, -751.7672, 118.7522,  240, 240, 0,  2,  TRAP:_Fake_Bridge
P 591.8845, 2097.6758, -7.0326,  0, 127, 127,  2,  Kebsis_(Quests)
P 457.4512, 2044.8073, -7.0327,  0, 127, 127,  2,  The_Great_Hero_Ezra_(Quests)
P -1688.9572, 1314.3400, -152.9467,  240, 0, 0,  3,  to_The_Western_Wastes
P 1688.6863, 624.0622, -9.6150,  240, 0, 0,  3,  to_The_Western_Wastes
P 531.5115, 1874.0713, -6.7289,  0, 127, 127,  2,  Barlo_Aleslay_(QUests)
P 1392.2566, 122.8430, 71.9186,  0, 127, 127,  2,  Fipnoc_Birribit_(Quests)
