L -2395.9385, -1480.7291, 177.7138,  -2399.6729, -1453.2333, 178.6642,  0, 0, 0
L -2399.6729, -1453.2333, 178.7715,  -2458.9189, -1461.2487, 175.3963,  0, 0, 0
L -2458.9189, -1461.2487, 175.3963,  -2494.7668, -1435.8485, 174.6711,  0, 0, 0
L -2494.7668, -1435.8485, 174.6212,  -2506.2466, -1437.4076, 174.4566,  0, 0, 0
L -2506.2466, -1437.4076, 174.4394,  -2505.2925, -1444.4340, 174.4394,  0, 0, 0
L -2505.2925, -1444.4340, 174.4693,  -2497.8550, -1443.3682, 174.5892,  0, 0, 0
L -2497.8550, -1443.3682, 174.5892,  -2459.9795, -1468.6492, 175.3642,  0, 0, 0
L -2459.9795, -1468.6492, 175.3909,  -2457.9363, -1468.3582, 175.4172,  0, 0, 0
L -2457.9363, -1468.3582, 175.4172,  -2455.1658, -1488.7543, 175.4699,  0, 0, 0
L -2455.1658, -1488.7543, 175.5260,  -2446.5325, -1487.5844, 175.5882,  0, 0, 0
L -2446.5325, -1487.5844, 175.6462,  -2449.3127, -1467.1246, 175.5944,  0, 0, 0
L -2449.3127, -1467.1246, 175.5944,  -2405.7102, -1460.8782, 178.4660,  0, 0, 0
L -2405.7102, -1460.8782, 178.4660,  -2402.8860, -1481.6683, 177.6234,  0, 0, 0
L -2395.9385, -1480.7291, 177.5508,  -2402.8860, -1481.6683, 177.5486,  0, 0, 0
L -2400.6211, -1498.3489, 176.8290,  -2393.6746, -1497.4061, 176.8909,  0, 0, 0
L -2393.6746, -1497.4061, 176.9066,  -2390.5867, -1520.1302, 176.2765,  0, 0, 0
L -2390.5867, -1520.1302, 176.2297,  -2448.8003, -1528.1909, 175.1519,  0, 0, 0
L -2448.8003, -1528.1909, 175.1519,  -2476.6934, -1566.0862, 174.4394,  0, 0, 0
L -2476.6934, -1566.0862, 174.4394,  -2517.1221, -1571.5770, 174.4394,  0, 0, 0
L -2517.1221, -1571.5770, 174.4394,  -2524.7781, -1515.2136, 174.4394,  0, 0, 0
L -2524.7781, -1515.2136, 174.4394,  -2517.9351, -1514.2831, 174.4394,  0, 0, 0
L -2517.9351, -1514.2831, 174.4394,  -2511.1326, -1563.6870, 174.4394,  0, 0, 0
L -2511.1326, -1563.6870, 174.4394,  -2479.9587, -1559.4569, 174.4394,  0, 0, 0
L -2479.9587, -1559.4569, 174.4394,  -2450.8982, -1520.1771, 175.2236,  0, 0, 0
L -2450.8982, -1520.1771, 175.2677,  -2452.8977, -1505.4537, 175.5039,  0, 0, 0
L -2452.8977, -1505.4537, 175.5706,  -2444.2639, -1504.2787, 175.6693,  0, 0, 0
L -2444.2639, -1504.2787, 175.7048,  -2442.2280, -1519.2921, 175.4709,  0, 0, 0
L -2442.2280, -1519.2921, 175.4709,  -2398.6006, -1513.2252, 176.3651,  0, 0, 0
L -2398.6006, -1513.2252, 176.3651,  -2400.6211, -1498.3489, 176.7397,  0, 0, 0
L -2049.0000, -1623.0320, 174.7876,  -2058.5625, -1623.0294, 174.7855,  0, 0, 0
L -2058.5625, -1623.0294, 174.7944,  -2058.5632, -1628.4774, 174.8120,  0, 0, 0
L -2058.5632, -1628.4774, 174.8159,  -2045.6122, -1628.4786, 174.7982,  0, 0, 0
L -2045.6122, -1628.4786, 174.7926,  -2045.6078, -1575.0000, 174.6772,  0, 0, 0
L -2050.5413, -1539.1365, 174.6921,  -2045.6112, -1538.9487, 174.7182,  0, 0, 0
L -2045.6112, -1538.9487, 174.5613,  -2045.6117, -1486.0309, 179.8031,  0, 0, 0
L -2045.6117, -1486.0309, 180.3089,  -2059.0950, -1486.0326, 180.3260,  0, 0, 0
L -2059.0950, -1486.0326, 179.9522,  -2058.5364, -1491.4775, 179.3840,  0, 0, 0
L -2058.5364, -1491.4775, 178.7691,  -2050.5955, -1491.4775, 178.7587,  0, 0, 0
L -2050.5955, -1491.4775, 178.7587,  -2050.5413, -1539.1365, 174.5690,  0, 0, 0
L -2103.0530, -1586.9469, 174.7548,  -2102.9087, -1565.8547, 174.7317,  0, 0, 0
L -2108.2263, -1565.8545, 174.7348,  -2102.9087, -1565.8547, 174.7314,  0, 0, 0
L -2108.2263, -1565.8545, 174.7453,  -2108.0537, -1588.4803, 174.7687,  0, 0, 0
L -2108.0537, -1588.4803, 174.7677,  -2087.0000, -1609.5342, 174.7706,  0, 0, 0
L -2527.1111, -1447.6730, 174.4394,  -2520.2341, -1497.5918, 174.4394,  0, 0, 0
L -2520.2341, -1497.5918, 174.4394,  -2527.0452, -1498.5151, 174.4394,  0, 0, 0
L -2527.0452, -1498.5151, 174.4394,  -2534.8179, -1441.2863, 174.4394,  0, 0, 0
L -2534.8179, -1441.2863, 174.4394,  -2522.8459, -1439.6616, 174.4394,  0, 0, 0
L -2522.8459, -1439.6616, 174.4394,  -2522.1765, -1446.9330, 174.4394,  0, 0, 0
L -2527.0837, -1447.6482, 174.4394,  -2522.1765, -1446.9330, 174.4394,  0, 0, 0
P -4070.0000, 241.0000, 239.0000,  255, 0, 0,  3,  to_The_Overthere
P -1187.0000, 3651.0000, 50.0000,  255, 0, 0,  3,  to_Lake_of_Ill_Omen
P -4548.0000, -2567.0000, -244.0000,  255, 0, 0,  3,  to_The_Crypt_of_Dalnir
P 1015.0000, 2322.0000, 262.0000,  255, 0, 0,  3,  to_Cabilis_West
P 3500.0000, -1400.0000, 0.0000,  255, 0, 0,  3,  to_The_Field_of_Bone
P 600.0000, 1882.0000, 301.0000,  0, 128, 0,  2,  Rogalin_(Merchant)
P 707.0000, 1651.0000, 302.0000,  0, 128, 0,  2,  Gargin_(Merchant)
P 895.0000, 1710.0000, 303.0000,  0, 128, 0,  2,  Kogrin_(Merchant)
P -2625.0000, 900.0000, 0.0000,  255, 255, 255,  2,  Iksar_Bandits
P 2489.0000, -3779.0000, 0.0000,  255, 255, 255,  2,  Iksar_Bandits
P 2130.0000, -3264.0000, 0.0000,  255, 255, 255,  2,  Goblins
P -3707.0000, 1517.0000, 585.0000,  255, 255, 255,  2,  Iksar_Bandits
P -4184.0000, 1369.0000, 548.0000,  255, 255, 255,  2,  Iksar_Bandits
P 2839.0000, -2813.0000, -9.0000,  255, 255, 255,  2,  Iksar_Bandits
P 123.0000, -2247.0000, -23.0000,  255, 255, 255,  2,  Goblins
P -2075.0000, -1557.0000, 174.0000,  255, 255, 255,  2,  Goblins
P -1454.0000, 2273.0000, 0.0000,  255, 255, 255,  2,  Iksar_Bandit_Caves
P -958.0000, 2052.0000, 0.0000,  255, 255, 255,  2,  Goblin_Pond
P -3297.0000, 2891.0000, 0.0000,  255, 255, 255,  2,  Open_Valley
P 0.0000, -3000.0000, 0.0000,  255, 255, 255,  2,  Goblin_Fort
P -1250.0000, 950.0000, 0.0000,  255, 255, 255,  2,  Giant_Fort
P 468.0000, 1429.0000, 0.0000,  240, 0, 0,  2,  Succor
P -803.0000, 1050.0000, -16.0000,  0, 0, 0,  2,  Gellrazz_Scalerunner
P -3611.0000, -247.0000, 220.0000,  0, 0, 0,  2,  Juikull_Slizz
P -394.0000, -4015.0000, -211.0000,  0, 0, 0,  2,  Ssolet_Dnaas
P -2190.0000, 3354.0000, -21.0000,  0, 0, 0,  2,  Karrenabell_Joonan
P -1929.0000, 3561.0000, -72.0000,  240, 240, 240,  2,  Iksar_Lookout_Cavern
P -1521.0000, -1155.0000, -13.0000,  240, 240, 240,  2,  Giants
P 1731.0000, -272.0000, 149.0000,  127, 64, 0,  2,  Grachnist_the_Destroyer_(Hunter)
P 1948.0000, -1243.0000, -35.0000,  127, 64, 0,  2,  Grachnist_the_Destroyer_(Hunter)
P 2070.0000, -3243.0000, -24.0000,  127, 64, 0,  2,  Grachnist_the_Destroyer_(Hunter)
P -39.0000, -3260.0000, -19.0000,  127, 64, 0,  2,  Grachnist_the_Destroyer_(Hunter)
P -2413.0000, -1475.0000, 178.0000,  127, 64, 0,  2,  Grachnist_the_Destroyer_(Hunter)
P -2451.0000, -564.0000, 179.0000,  127, 64, 0,  2,  Iksar_Bandit_Lord_(Hunter)
P -4211.0000, -4239.0000, -258.0000,  0, 0, 240,  1,  GS:_Scroll_in_a_Bottle
P -3964.0000, -2536.0000, -187.0000,  0, 0, 240,  1,  GS:_Meditation_Basket
P -751.0000, -3084.0000, -18.0000,  0, 0, 0,  2,  Xarezia_Dru`Shiv
P -624.0000, -176.0000, -78.0000,  0, 0, 0,  2,  Lurking_Hopeful
P 1489.0000, 972.0000, 272.0000,  0, 0, 0,  2,  an_injured_traveller
P 2469.0000, -3827.0000, -25.0000,  0, 0, 0,  2,  Silliv`Host
P 424.0000, 1380.0000, 199.0000,  0, 0, 0,  2,  Drakigone_Bruann
P 889.0000, 1856.0000, 304.0000,  0, 0, 0,  2,  Warlord_Vyzer
P 224.0000, -2953.0000, -19.0000,  0, 0, 0,  2,  Pit_Fighter_Dob
P 448.0000, -1549.0000, -40.0000,  240, 240, 240,  2,  Goblins
P -1452.0000, -1772.0000, -19.0000,  240, 240, 240,  2,  Goblins
P -2475.0859, -1499.3033, 176.5980,  240, 240, 240,  2,  Goblins
