L 1000.0000, 0.0000, 0.0000,  1000.0000, -50.0000, 0.0000,  255, 0, 0
L -20.0000, 50.0000, 0.0000,  -50.0000, 20.0000, 0.0000,  255, 0, 0
L 50.0000, 20.0000, 0.0000,  20.0000, 50.0000, 0.0000,  255, 0, 0
L 20.0000, -50.0000, 0.0000,  50.0000, -20.0000, 0.0000,  255, 0, 0
L -50.0000, -20.0000, 0.0000,  -20.0000, -50.0000, 0.0000,  255, 0, 0
L -50.0000, 20.0000, 0.0000,  -50.0000, -20.0000, 0.0000,  255, 0, 0
L 20.0000, 50.0000, 0.0000,  -20.0000, 50.0000, 0.0000,  255, 0, 0
L 50.0000, -20.0000, 0.0000,  50.0000, 20.0000, 0.0000,  255, 0, 0
L -20.0000, -50.0000, 0.0000,  20.0000, -50.0000, 0.0000,  255, 0, 0
L 580.0000, -20.0000, 0.0000,  540.0000, -20.0000, 0.0000,  255, 0, 0
L 580.0000, -90.0000, 0.0000,  580.0000, -20.0000, 0.0000,  255, 0, 0
L 540.0000, -90.0000, 0.0000,  580.0000, -90.0000, 0.0000,  255, 0, 0
L 540.0000, -20.0000, 0.0000,  540.0000, -90.0000, 0.0000,  255, 0, 0
L 520.0000, -20.0000, 0.0000,  480.0000, -20.0000, 0.0000,  255, 0, 0
L 520.0000, -90.0000, 0.0000,  520.0000, -20.0000, 0.0000,  255, 0, 0
L 480.0000, -90.0000, 0.0000,  520.0000, -90.0000, 0.0000,  255, 0, 0
L 480.0000, -20.0000, 0.0000,  480.0000, -90.0000, 0.0000,  255, 0, 0
L 460.0000, -90.0000, 0.0000,  450.0000, -80.0000, 0.0000,  255, 0, 0
L 460.0000, -20.0000, 0.0000,  460.0000, -90.0000, 0.0000,  255, 0, 0
L 0.0000, -250.0000, 0.0000,  0.0000, 250.0000, 0.0000,  255, 0, 0
L -250.0000, 0.0000, 0.0000,  1000.0000, 0.0000, 0.0000,  255, 0, 0
L -120.0000, -80.0000, 0.0000,  -120.0000, -60.0000, 0.0000,  255, 0, 0
L -120.0000, -60.0000, 0.0000,  -120.0000, -40.0000, 0.0000,  255, 0, 0
L -100.0000, -60.0000, 0.0000,  -120.0000, -60.0000, 0.0000,  255, 0, 0
L -120.0000, -60.0000, 0.0000,  -140.0000, -60.0000, 0.0000,  255, 0, 0
L -90.0000, -50.0000, 0.0000,  -100.0000, -30.0000, 0.0000,  255, 0, 0
L -60.0000, -80.0000, 0.0000,  -60.0000, -60.0000, 0.0000,  255, 0, 0
L -60.0000, -60.0000, 0.0000,  -60.0000, -40.0000, 0.0000,  255, 0, 0
L -40.0000, -60.0000, 0.0000,  -60.0000, -60.0000, 0.0000,  255, 0, 0
L -60.0000, -60.0000, 0.0000,  -80.0000, -60.0000, 0.0000,  255, 0, 0
L 100.0000, 60.0000, 0.0000,  120.0000, 60.0000, 0.0000,  255, 0, 0
L 120.0000, 60.0000, 0.0000,  140.0000, 60.0000, 0.0000,  255, 0, 0
L 90.0000, 70.0000, 0.0000,  80.0000, 90.0000, 0.0000,  255, 0, 0
L 40.0000, 60.0000, 0.0000,  60.0000, 60.0000, 0.0000,  255, 0, 0
L 60.0000, 60.0000, 0.0000,  80.0000, 60.0000, 0.0000,  255, 0, 0
L -100.0000, 60.0000, 0.0000,  -120.0000, 60.0000, 0.0000,  255, 0, 0
L -120.0000, 60.0000, 0.0000,  -140.0000, 60.0000, 0.0000,  255, 0, 0
L -90.0000, 70.0000, 0.0000,  -100.0000, 90.0000, 0.0000,  255, 0, 0
L -60.0000, 80.0000, 0.0000,  -60.0000, 60.0000, 0.0000,  255, 0, 0
L -60.0000, 60.0000, 0.0000,  -60.0000, 40.0000, 0.0000,  255, 0, 0
L -40.0000, 60.0000, 0.0000,  -60.0000, 60.0000, 0.0000,  255, 0, 0
L -60.0000, 60.0000, 0.0000,  -80.0000, 60.0000, 0.0000,  255, 0, 0
L 100.0000, -60.0000, 0.0000,  120.0000, -60.0000, 0.0000,  255, 0, 0
L 120.0000, -60.0000, 0.0000,  140.0000, -60.0000, 0.0000,  255, 0, 0
L 90.0000, -50.0000, 0.0000,  80.0000, -30.0000, 0.0000,  255, 0, 0
L 60.0000, -80.0000, 0.0000,  60.0000, -60.0000, 0.0000,  255, 0, 0
L 60.0000, -60.0000, 0.0000,  60.0000, -40.0000, 0.0000,  255, 0, 0
L 40.0000, -60.0000, 0.0000,  60.0000, -60.0000, 0.0000,  255, 0, 0
L 60.0000, -60.0000, 0.0000,  80.0000, -60.0000, 0.0000,  255, 0, 0
L 599.0000, -90.0000, 0.0000,  637.3000, -90.0000, 0.0000,  255, 0, 0
L 599.0000, -20.0000, 0.0000,  637.3000, -20.0000, 0.0000,  255, 0, 0
L 599.0000, -90.0000, 0.0000,  599.0000, -20.0000, 0.0000,  255, 0, 0
L 637.3000, -90.0000, 0.0000,  637.3000, -20.0000, 0.0000,  255, 0, 0
L 2100.0000, 1000.0000, 0.0000,  2100.0000, 1060.0000, 0.0000,  0, 0, 0
L 2140.0000, 1060.0000, 0.0000,  2100.0000, 1060.0000, 0.0000,  0, 0, 0
L 2160.0000, 1030.0000, 0.0000,  2190.0000, 1030.0000, 0.0000,  0, 0, 0
L 2160.0000, 1060.0000, 0.0000,  2190.0000, 1060.0000, 0.0000,  0, 0, 0
L 2160.0000, 1000.0000, 0.0000,  2160.0000, 1060.0000, 0.0000,  0, 0, 0
L 2190.0000, 1000.0000, 0.0000,  2160.0000, 1000.0000, 0.0000,  0, 0, 0
L 2240.0000, 1060.0000, 0.0000,  2210.0000, 1060.0000, 0.0000,  0, 0, 0
L 2210.0000, 1000.0000, 0.0000,  2240.0000, 1000.0000, 0.0000,  0, 0, 0
L 2210.0000, 1060.0000, 0.0000,  2210.0000, 1000.0000, 0.0000,  0, 0, 0
L 2240.0000, 1060.0000, 0.0000,  2240.0000, 1030.0000, 0.0000,  0, 0, 0
L 2240.0000, 1030.0000, 0.0000,  2220.0000, 1030.0000, 0.0000,  0, 0, 0
L 2260.0000, 1030.0000, 0.0000,  2290.0000, 1030.0000, 0.0000,  0, 0, 0
L 2260.0000, 1060.0000, 0.0000,  2290.0000, 1060.0000, 0.0000,  0, 0, 0
L 2260.0000, 1000.0000, 0.0000,  2260.0000, 1060.0000, 0.0000,  0, 0, 0
L 2290.0000, 1000.0000, 0.0000,  2260.0000, 1000.0000, 0.0000,  0, 0, 0
L 2340.0000, 1060.0000, 0.0000,  2340.0000, 1000.0000, 0.0000,  0, 0, 0
L 2310.0000, 1000.0000, 0.0000,  2340.0000, 1060.0000, 0.0000,  0, 0, 0
L 2310.0000, 1060.0000, 0.0000,  2310.0000, 1000.0000, 0.0000,  0, 0, 0
L 2370.0000, 1060.0000, 0.0000,  2370.0000, 1000.0000, 0.0000,  0, 0, 0
L 2380.0000, 1060.0000, 0.0000,  2360.0000, 1060.0000, 0.0000,  0, 0, 0
L 2390.0000, 1030.0000, 0.0000,  2380.0000, 1060.0000, 0.0000,  0, 0, 0
L 2380.0000, 1000.0000, 0.0000,  2390.0000, 1030.0000, 0.0000,  0, 0, 0
L 2360.0000, 1000.0000, 0.0000,  2380.0000, 1000.0000, 0.0000,  0, 0, 0
L 2100.0000, 1170.0000, 0.0000,  2160.0000, 1170.0000, 0.0000,  0, 0, 0
L 2100.0000, 1090.0000, 0.0000,  2160.0000, 1090.0000, 0.0000,  0, 0, 0
L 2130.0000, 1143.0000, 0.0000,  2130.0000, 1117.0000, 0.0000,  205, 133, 63
L 2160.0000, 1170.0000, 0.0000,  2220.0000, 1170.0000, 0.0000,  0, 0, 0
L 2160.0000, 1170.0000, 0.0000,  2160.0000, 1143.0000, 0.0000,  205, 133, 63
L 2130.0000, 1143.0000, 0.0000,  2190.0000, 1143.0000, 0.0000,  205, 133, 63
L 2130.0000, 1117.0000, 0.0000,  2160.0000, 1117.0000, 0.0000,  205, 133, 63
L 2160.0000, 1117.0000, 0.0000,  2190.0000, 1117.0000, 0.0000,  205, 133, 63
L 2160.0000, 1090.0000, 0.0000,  2220.0000, 1090.0000, 0.0000,  0, 0, 0
L 2160.0000, 1117.0000, 0.0000,  2160.0000, 1090.0000, 0.0000,  205, 133, 63
L 2190.0000, 1143.0000, 0.0000,  2190.0000, 1117.0000, 0.0000,  205, 133, 63
L 2270.0000, 1160.0000, 0.0000,  2270.0000, 1100.0000, 0.0000,  0, 0, 0
L 2280.0000, 1160.0000, 0.0000,  2260.0000, 1160.0000, 0.0000,  0, 0, 0
L 2290.0000, 1130.0000, 0.0000,  2280.0000, 1160.0000, 0.0000,  0, 0, 0
L 2280.0000, 1100.0000, 0.0000,  2290.0000, 1130.0000, 0.0000,  0, 0, 0
L 2260.0000, 1100.0000, 0.0000,  2280.0000, 1100.0000, 0.0000,  0, 0, 0
L 2310.0000, 1100.0000, 0.0000,  2340.0000, 1100.0000, 0.0000,  0, 0, 0
L 2310.0000, 1160.0000, 0.0000,  2340.0000, 1160.0000, 0.0000,  0, 0, 0
L 2310.0000, 1100.0000, 0.0000,  2310.0000, 1160.0000, 0.0000,  0, 0, 0
L 2340.0000, 1100.0000, 0.0000,  2340.0000, 1160.0000, 0.0000,  0, 0, 0
L 2360.0000, 1100.0000, 0.0000,  2390.0000, 1100.0000, 0.0000,  0, 0, 0
L 2360.0000, 1160.0000, 0.0000,  2390.0000, 1160.0000, 0.0000,  0, 0, 0
L 2360.0000, 1100.0000, 0.0000,  2360.0000, 1160.0000, 0.0000,  0, 0, 0
L 2390.0000, 1100.0000, 0.0000,  2390.0000, 1160.0000, 0.0000,  0, 0, 0
L 2410.0000, 1100.0000, 0.0000,  2410.0000, 1130.0000, 0.0000,  0, 0, 0
L 2410.0000, 1130.0000, 0.0000,  2410.0000, 1160.0000, 0.0000,  0, 0, 0
L 2410.0000, 1130.0000, 0.0000,  2430.0000, 1130.0000, 0.0000,  0, 0, 0
L 2450.0000, 1130.0000, 0.0000,  2450.0000, 1100.0000, 0.0000,  0, 0, 0
L 2410.0000, 1100.0000, 0.0000,  2450.0000, 1100.0000, 0.0000,  0, 0, 0
L 2430.0000, 1130.0000, 0.0000,  2450.0000, 1130.0000, 0.0000,  0, 0, 0
L 2450.0000, 1160.0000, 0.0000,  2430.0000, 1130.0000, 0.0000,  0, 0, 0
L 2100.0000, 1210.0000, 0.0000,  2100.0000, 1240.0000, 0.0000,  255, 210, 0
L 2100.0000, 1210.0000, 0.0000,  2120.0000, 1210.0000, 0.0000,  255, 210, 0
L 2120.0000, 1270.0000, 0.0000,  2100.0000, 1270.0000, 0.0000,  255, 210, 0
L 2100.0000, 1240.0000, 0.0000,  2100.0000, 1270.0000, 0.0000,  255, 210, 0
L 2120.0000, 1240.0000, 0.0000,  2100.0000, 1240.0000, 0.0000,  255, 210, 0
L 2120.0000, 1240.0000, 0.0000,  2140.0000, 1225.0000, 0.0000,  255, 210, 0
L 2120.0000, 1210.0000, 0.0000,  2140.0000, 1225.0000, 0.0000,  255, 210, 0
L 2120.0000, 1240.0000, 0.0000,  2140.0000, 1255.0000, 0.0000,  255, 210, 0
L 2140.0000, 1255.0000, 0.0000,  2120.0000, 1270.0000, 0.0000,  255, 210, 0
L 2170.0000, 1240.0000, 0.0000,  2190.0000, 1240.0000, 0.0000,  255, 210, 0
L 2180.0000, 1210.0000, 0.0000,  2200.0000, 1270.0000, 0.0000,  255, 210, 0
L 2160.0000, 1270.0000, 0.0000,  2180.0000, 1210.0000, 0.0000,  255, 210, 0
L 2250.0000, 1270.0000, 0.0000,  2250.0000, 1210.0000, 0.0000,  255, 210, 0
L 2220.0000, 1210.0000, 0.0000,  2250.0000, 1270.0000, 0.0000,  255, 210, 0
L 2220.0000, 1270.0000, 0.0000,  2220.0000, 1210.0000, 0.0000,  255, 210, 0
L 2270.0000, 1210.0000, 0.0000,  2270.0000, 1240.0000, 0.0000,  255, 210, 0
L 2270.0000, 1240.0000, 0.0000,  2270.0000, 1270.0000, 0.0000,  255, 210, 0
L 2270.0000, 1240.0000, 0.0000,  2310.0000, 1270.0000, 0.0000,  255, 210, 0
L 2270.0000, 1240.0000, 0.0000,  2310.0000, 1210.0000, 0.0000,  255, 210, 0
L 2330.0000, 1240.0000, 0.0000,  2360.0000, 1240.0000, 0.0000,  255, 210, 0
L 2330.0000, 1270.0000, 0.0000,  2360.0000, 1270.0000, 0.0000,  255, 210, 0
L 2330.0000, 1210.0000, 0.0000,  2330.0000, 1270.0000, 0.0000,  255, 210, 0
L 2360.0000, 1210.0000, 0.0000,  2330.0000, 1210.0000, 0.0000,  255, 210, 0
L 2380.0000, 1210.0000, 0.0000,  2380.0000, 1240.0000, 0.0000,  255, 210, 0
L 2380.0000, 1240.0000, 0.0000,  2380.0000, 1270.0000, 0.0000,  255, 210, 0
L 2380.0000, 1240.0000, 0.0000,  2400.0000, 1240.0000, 0.0000,  255, 210, 0
L 2420.0000, 1240.0000, 0.0000,  2420.0000, 1210.0000, 0.0000,  255, 210, 0
L 2380.0000, 1210.0000, 0.0000,  2420.0000, 1210.0000, 0.0000,  255, 210, 0
L 2400.0000, 1240.0000, 0.0000,  2420.0000, 1240.0000, 0.0000,  255, 210, 0
L 2420.0000, 1270.0000, 0.0000,  2400.0000, 1240.0000, 0.0000,  255, 210, 0
L 2130.0000, 1360.0000, 0.0000,  2100.0000, 1360.0000, 0.0000,  255, 255, 255
L 2100.0000, 1300.0000, 0.0000,  2130.0000, 1300.0000, 0.0000,  255, 255, 255
L 2100.0000, 1360.0000, 0.0000,  2100.0000, 1300.0000, 0.0000,  255, 255, 255
L 2150.0000, 1300.0000, 0.0000,  2180.0000, 1300.0000, 0.0000,  255, 255, 255
L 2150.0000, 1360.0000, 0.0000,  2180.0000, 1360.0000, 0.0000,  255, 255, 255
L 2150.0000, 1300.0000, 0.0000,  2150.0000, 1360.0000, 0.0000,  255, 255, 255
L 2180.0000, 1300.0000, 0.0000,  2180.0000, 1360.0000, 0.0000,  255, 255, 255
L 2240.0000, 1300.0000, 0.0000,  2240.0000, 1360.0000, 0.0000,  255, 255, 255
L 2220.0000, 1330.0000, 0.0000,  2240.0000, 1300.0000, 0.0000,  255, 255, 255
L 2200.0000, 1300.0000, 0.0000,  2220.0000, 1330.0000, 0.0000,  255, 255, 255
L 2200.0000, 1360.0000, 0.0000,  2200.0000, 1300.0000, 0.0000,  255, 255, 255
L 2300.0000, 1300.0000, 0.0000,  2300.0000, 1360.0000, 0.0000,  255, 255, 255
L 2280.0000, 1330.0000, 0.0000,  2300.0000, 1300.0000, 0.0000,  255, 255, 255
L 2260.0000, 1300.0000, 0.0000,  2280.0000, 1330.0000, 0.0000,  255, 255, 255
L 2260.0000, 1360.0000, 0.0000,  2260.0000, 1300.0000, 0.0000,  255, 255, 255
L 2320.0000, 1330.0000, 0.0000,  2350.0000, 1330.0000, 0.0000,  255, 255, 255
L 2320.0000, 1360.0000, 0.0000,  2350.0000, 1360.0000, 0.0000,  255, 255, 255
L 2320.0000, 1300.0000, 0.0000,  2320.0000, 1360.0000, 0.0000,  255, 255, 255
L 2350.0000, 1300.0000, 0.0000,  2320.0000, 1300.0000, 0.0000,  255, 255, 255
L 2400.0000, 1360.0000, 0.0000,  2400.0000, 1300.0000, 0.0000,  255, 255, 255
L 2370.0000, 1300.0000, 0.0000,  2400.0000, 1360.0000, 0.0000,  255, 255, 255
L 2370.0000, 1360.0000, 0.0000,  2370.0000, 1300.0000, 0.0000,  255, 255, 255
L 2440.0000, 1300.0000, 0.0000,  2440.0000, 1360.0000, 0.0000,  255, 255, 255
L 2420.0000, 1300.0000, 0.0000,  2460.0000, 1300.0000, 0.0000,  255, 255, 255
L 2130.0000, 1450.0000, 0.0000,  2100.0000, 1450.0000, 0.0000,  0, 0, 0
L 2100.0000, 1390.0000, 0.0000,  2130.0000, 1390.0000, 0.0000,  0, 0, 0
L 2100.0000, 1450.0000, 0.0000,  2100.0000, 1390.0000, 0.0000,  0, 0, 0
L 2130.0000, 1450.0000, 0.0000,  2130.0000, 1420.0000, 0.0000,  0, 0, 0
L 2130.0000, 1420.0000, 0.0000,  2110.0000, 1420.0000, 0.0000,  0, 0, 0
L 2150.0000, 1420.0000, 0.0000,  2180.0000, 1420.0000, 0.0000,  0, 0, 0
L 2150.0000, 1450.0000, 0.0000,  2180.0000, 1450.0000, 0.0000,  0, 0, 0
L 2150.0000, 1390.0000, 0.0000,  2150.0000, 1450.0000, 0.0000,  0, 0, 0
L 2180.0000, 1390.0000, 0.0000,  2150.0000, 1390.0000, 0.0000,  0, 0, 0
L 2230.0000, 1450.0000, 0.0000,  2230.0000, 1390.0000, 0.0000,  0, 0, 0
L 2200.0000, 1390.0000, 0.0000,  2230.0000, 1450.0000, 0.0000,  0, 0, 0
L 2200.0000, 1450.0000, 0.0000,  2200.0000, 1390.0000, 0.0000,  0, 0, 0
L 2250.0000, 1420.0000, 0.0000,  2280.0000, 1420.0000, 0.0000,  0, 0, 0
L 2250.0000, 1450.0000, 0.0000,  2280.0000, 1450.0000, 0.0000,  0, 0, 0
L 2250.0000, 1390.0000, 0.0000,  2250.0000, 1450.0000, 0.0000,  0, 0, 0
L 2280.0000, 1390.0000, 0.0000,  2250.0000, 1390.0000, 0.0000,  0, 0, 0
L 2300.0000, 1390.0000, 0.0000,  2300.0000, 1420.0000, 0.0000,  0, 0, 0
L 2300.0000, 1420.0000, 0.0000,  2300.0000, 1450.0000, 0.0000,  0, 0, 0
L 2300.0000, 1420.0000, 0.0000,  2320.0000, 1420.0000, 0.0000,  0, 0, 0
L 2340.0000, 1420.0000, 0.0000,  2340.0000, 1390.0000, 0.0000,  0, 0, 0
L 2300.0000, 1390.0000, 0.0000,  2340.0000, 1390.0000, 0.0000,  0, 0, 0
L 2320.0000, 1420.0000, 0.0000,  2340.0000, 1420.0000, 0.0000,  0, 0, 0
L 2340.0000, 1450.0000, 0.0000,  2320.0000, 1420.0000, 0.0000,  0, 0, 0
L 2370.0000, 1420.0000, 0.0000,  2390.0000, 1420.0000, 0.0000,  0, 0, 0
L 2380.0000, 1390.0000, 0.0000,  2400.0000, 1450.0000, 0.0000,  0, 0, 0
L 2360.0000, 1450.0000, 0.0000,  2380.0000, 1390.0000, 0.0000,  0, 0, 0
L 2420.0000, 1390.0000, 0.0000,  2420.0000, 1450.0000, 0.0000,  0, 0, 0
L 2460.0000, 1450.0000, 0.0000,  2420.0000, 1450.0000, 0.0000,  0, 0, 0
L 2130.0000, 1540.0000, 0.0000,  2100.0000, 1540.0000, 0.0000,  0, 0, 255
L 2100.0000, 1480.0000, 0.0000,  2130.0000, 1480.0000, 0.0000,  0, 0, 255
L 2100.0000, 1540.0000, 0.0000,  2100.0000, 1480.0000, 0.0000,  0, 0, 255
L 2130.0000, 1540.0000, 0.0000,  2130.0000, 1510.0000, 0.0000,  0, 0, 255
L 2130.0000, 1510.0000, 0.0000,  2110.0000, 1510.0000, 0.0000,  0, 0, 255
L 2150.0000, 1480.0000, 0.0000,  2150.0000, 1510.0000, 0.0000,  0, 0, 255
L 2150.0000, 1510.0000, 0.0000,  2150.0000, 1540.0000, 0.0000,  0, 0, 255
L 2150.0000, 1510.0000, 0.0000,  2170.0000, 1510.0000, 0.0000,  0, 0, 255
L 2190.0000, 1510.0000, 0.0000,  2190.0000, 1480.0000, 0.0000,  0, 0, 255
L 2150.0000, 1480.0000, 0.0000,  2190.0000, 1480.0000, 0.0000,  0, 0, 255
L 2170.0000, 1510.0000, 0.0000,  2190.0000, 1510.0000, 0.0000,  0, 0, 255
L 2190.0000, 1540.0000, 0.0000,  2170.0000, 1510.0000, 0.0000,  0, 0, 255
L 2210.0000, 1480.0000, 0.0000,  2240.0000, 1480.0000, 0.0000,  0, 0, 255
L 2210.0000, 1540.0000, 0.0000,  2240.0000, 1540.0000, 0.0000,  0, 0, 255
L 2210.0000, 1480.0000, 0.0000,  2210.0000, 1540.0000, 0.0000,  0, 0, 255
L 2240.0000, 1480.0000, 0.0000,  2240.0000, 1540.0000, 0.0000,  0, 0, 255
L 2300.0000, 1480.0000, 0.0000,  2300.0000, 1540.0000, 0.0000,  0, 0, 255
L 2260.0000, 1480.0000, 0.0000,  2260.0000, 1540.0000, 0.0000,  0, 0, 255
L 2260.0000, 1540.0000, 0.0000,  2300.0000, 1540.0000, 0.0000,  0, 0, 255
L 2350.0000, 1540.0000, 0.0000,  2350.0000, 1480.0000, 0.0000,  0, 0, 255
L 2320.0000, 1480.0000, 0.0000,  2350.0000, 1540.0000, 0.0000,  0, 0, 255
L 2320.0000, 1540.0000, 0.0000,  2320.0000, 1480.0000, 0.0000,  0, 0, 255
L 2380.0000, 1540.0000, 0.0000,  2380.0000, 1480.0000, 0.0000,  0, 0, 255
L 2390.0000, 1540.0000, 0.0000,  2370.0000, 1540.0000, 0.0000,  0, 0, 255
L 2400.0000, 1510.0000, 0.0000,  2390.0000, 1540.0000, 0.0000,  0, 0, 255
L 2390.0000, 1480.0000, 0.0000,  2400.0000, 1510.0000, 0.0000,  0, 0, 255
L 2370.0000, 1480.0000, 0.0000,  2390.0000, 1480.0000, 0.0000,  0, 0, 255
L 2480.0000, 1480.0000, 0.0000,  2480.0000, 1510.0000, 0.0000,  0, 0, 255
L 2480.0000, 1540.0000, 0.0000,  2520.0000, 1540.0000, 0.0000,  0, 0, 255
L 2520.0000, 1510.0000, 0.0000,  2480.0000, 1510.0000, 0.0000,  0, 0, 255
L 2480.0000, 1480.0000, 0.0000,  2520.0000, 1480.0000, 0.0000,  0, 0, 255
L 2520.0000, 1510.0000, 0.0000,  2520.0000, 1540.0000, 0.0000,  0, 0, 255
L 2570.0000, 1510.0000, 0.0000,  2540.0000, 1510.0000, 0.0000,  0, 0, 255
L 2570.0000, 1480.0000, 0.0000,  2570.0000, 1510.0000, 0.0000,  0, 0, 255
L 2540.0000, 1480.0000, 0.0000,  2570.0000, 1480.0000, 0.0000,  0, 0, 255
L 2540.0000, 1540.0000, 0.0000,  2540.0000, 1480.0000, 0.0000,  0, 0, 255
L 2600.0000, 1510.0000, 0.0000,  2620.0000, 1510.0000, 0.0000,  0, 0, 255
L 2610.0000, 1480.0000, 0.0000,  2630.0000, 1540.0000, 0.0000,  0, 0, 255
L 2590.0000, 1540.0000, 0.0000,  2610.0000, 1480.0000, 0.0000,  0, 0, 255
L 2680.0000, 1540.0000, 0.0000,  2690.0000, 1480.0000, 0.0000,  0, 0, 255
L 2670.0000, 1510.0000, 0.0000,  2680.0000, 1540.0000, 0.0000,  0, 0, 255
L 2660.0000, 1540.0000, 0.0000,  2670.0000, 1510.0000, 0.0000,  0, 0, 255
L 2650.0000, 1480.0000, 0.0000,  2660.0000, 1540.0000, 0.0000,  0, 0, 255
L 2740.0000, 1540.0000, 0.0000,  2740.0000, 1480.0000, 0.0000,  0, 0, 255
L 2710.0000, 1480.0000, 0.0000,  2740.0000, 1540.0000, 0.0000,  0, 0, 255
L 2710.0000, 1540.0000, 0.0000,  2710.0000, 1480.0000, 0.0000,  0, 0, 255
L 2130.0000, 1630.0000, 0.0000,  2100.0000, 1630.0000, 0.0000,  128, 128, 128
L 2100.0000, 1570.0000, 0.0000,  2130.0000, 1570.0000, 0.0000,  128, 128, 128
L 2100.0000, 1630.0000, 0.0000,  2100.0000, 1570.0000, 0.0000,  128, 128, 128
L 2130.0000, 1630.0000, 0.0000,  2130.0000, 1600.0000, 0.0000,  128, 128, 128
L 2130.0000, 1600.0000, 0.0000,  2110.0000, 1600.0000, 0.0000,  128, 128, 128
L 2190.0000, 1570.0000, 0.0000,  2190.0000, 1630.0000, 0.0000,  128, 128, 128
L 2150.0000, 1570.0000, 0.0000,  2150.0000, 1630.0000, 0.0000,  128, 128, 128
L 2150.0000, 1630.0000, 0.0000,  2190.0000, 1630.0000, 0.0000,  128, 128, 128
L 2210.0000, 1570.0000, 0.0000,  2210.0000, 1630.0000, 0.0000,  128, 128, 128
L 2230.0000, 1570.0000, 0.0000,  2230.0000, 1630.0000, 0.0000,  128, 128, 128
L 2270.0000, 1630.0000, 0.0000,  2230.0000, 1630.0000, 0.0000,  128, 128, 128
L 2300.0000, 1630.0000, 0.0000,  2300.0000, 1570.0000, 0.0000,  128, 128, 128
L 2310.0000, 1630.0000, 0.0000,  2290.0000, 1630.0000, 0.0000,  128, 128, 128
L 2320.0000, 1600.0000, 0.0000,  2310.0000, 1630.0000, 0.0000,  128, 128, 128
L 2310.0000, 1570.0000, 0.0000,  2320.0000, 1600.0000, 0.0000,  128, 128, 128
L 2290.0000, 1570.0000, 0.0000,  2310.0000, 1570.0000, 0.0000,  128, 128, 128
L 2440.0000, 1570.0000, 0.0000,  2440.0000, 1630.0000, 0.0000,  128, 128, 128
L 2420.0000, 1600.0000, 0.0000,  2440.0000, 1570.0000, 0.0000,  128, 128, 128
L 2400.0000, 1570.0000, 0.0000,  2420.0000, 1600.0000, 0.0000,  128, 128, 128
L 2400.0000, 1630.0000, 0.0000,  2400.0000, 1570.0000, 0.0000,  128, 128, 128
L 2470.0000, 1600.0000, 0.0000,  2490.0000, 1600.0000, 0.0000,  128, 128, 128
L 2480.0000, 1570.0000, 0.0000,  2500.0000, 1630.0000, 0.0000,  128, 128, 128
L 2460.0000, 1630.0000, 0.0000,  2480.0000, 1570.0000, 0.0000,  128, 128, 128
L 2520.0000, 1570.0000, 0.0000,  2520.0000, 1600.0000, 0.0000,  128, 128, 128
L 2520.0000, 1630.0000, 0.0000,  2560.0000, 1630.0000, 0.0000,  128, 128, 128
L 2560.0000, 1600.0000, 0.0000,  2520.0000, 1600.0000, 0.0000,  128, 128, 128
L 2520.0000, 1570.0000, 0.0000,  2560.0000, 1570.0000, 0.0000,  128, 128, 128
L 2560.0000, 1600.0000, 0.0000,  2560.0000, 1630.0000, 0.0000,  128, 128, 128
L 2600.0000, 1570.0000, 0.0000,  2600.0000, 1630.0000, 0.0000,  128, 128, 128
L 2580.0000, 1570.0000, 0.0000,  2620.0000, 1570.0000, 0.0000,  128, 128, 128
L 2640.0000, 1600.0000, 0.0000,  2670.0000, 1600.0000, 0.0000,  128, 128, 128
L 2640.0000, 1630.0000, 0.0000,  2670.0000, 1630.0000, 0.0000,  128, 128, 128
L 2640.0000, 1570.0000, 0.0000,  2640.0000, 1630.0000, 0.0000,  128, 128, 128
L 2670.0000, 1570.0000, 0.0000,  2640.0000, 1570.0000, 0.0000,  128, 128, 128
L 2690.0000, 1570.0000, 0.0000,  2690.0000, 1600.0000, 0.0000,  128, 128, 128
L 2690.0000, 1600.0000, 0.0000,  2690.0000, 1630.0000, 0.0000,  128, 128, 128
L 2690.0000, 1600.0000, 0.0000,  2710.0000, 1600.0000, 0.0000,  128, 128, 128
L 2730.0000, 1600.0000, 0.0000,  2730.0000, 1570.0000, 0.0000,  128, 128, 128
L 2690.0000, 1570.0000, 0.0000,  2730.0000, 1570.0000, 0.0000,  128, 128, 128
L 2710.0000, 1600.0000, 0.0000,  2730.0000, 1600.0000, 0.0000,  128, 128, 128
L 2730.0000, 1630.0000, 0.0000,  2710.0000, 1600.0000, 0.0000,  128, 128, 128
L 2100.0000, 1660.0000, 0.0000,  2100.0000, 1690.0000, 0.0000,  127, 64, 0
L 2140.0000, 1720.0000, 0.0000,  2140.0000, 1690.0000, 0.0000,  127, 64, 0
L 2100.0000, 1690.0000, 0.0000,  2100.0000, 1720.0000, 0.0000,  127, 64, 0
L 2140.0000, 1690.0000, 0.0000,  2140.0000, 1660.0000, 0.0000,  127, 64, 0
L 2100.0000, 1690.0000, 0.0000,  2140.0000, 1690.0000, 0.0000,  127, 64, 0
L 2200.0000, 1660.0000, 0.0000,  2200.0000, 1720.0000, 0.0000,  127, 64, 0
L 2160.0000, 1660.0000, 0.0000,  2160.0000, 1720.0000, 0.0000,  127, 64, 0
L 2160.0000, 1720.0000, 0.0000,  2200.0000, 1720.0000, 0.0000,  127, 64, 0
L 2250.0000, 1720.0000, 0.0000,  2250.0000, 1660.0000, 0.0000,  127, 64, 0
L 2220.0000, 1660.0000, 0.0000,  2250.0000, 1720.0000, 0.0000,  127, 64, 0
L 2220.0000, 1720.0000, 0.0000,  2220.0000, 1660.0000, 0.0000,  127, 64, 0
L 2290.0000, 1660.0000, 0.0000,  2290.0000, 1720.0000, 0.0000,  127, 64, 0
L 2270.0000, 1660.0000, 0.0000,  2310.0000, 1660.0000, 0.0000,  127, 64, 0
L 2330.0000, 1690.0000, 0.0000,  2360.0000, 1690.0000, 0.0000,  127, 64, 0
L 2330.0000, 1720.0000, 0.0000,  2360.0000, 1720.0000, 0.0000,  127, 64, 0
L 2330.0000, 1660.0000, 0.0000,  2330.0000, 1720.0000, 0.0000,  127, 64, 0
L 2360.0000, 1660.0000, 0.0000,  2330.0000, 1660.0000, 0.0000,  127, 64, 0
L 2380.0000, 1660.0000, 0.0000,  2380.0000, 1690.0000, 0.0000,  127, 64, 0
L 2380.0000, 1690.0000, 0.0000,  2380.0000, 1720.0000, 0.0000,  127, 64, 0
L 2380.0000, 1690.0000, 0.0000,  2400.0000, 1690.0000, 0.0000,  127, 64, 0
L 2420.0000, 1690.0000, 0.0000,  2420.0000, 1660.0000, 0.0000,  127, 64, 0
L 2380.0000, 1660.0000, 0.0000,  2420.0000, 1660.0000, 0.0000,  127, 64, 0
L 2400.0000, 1690.0000, 0.0000,  2420.0000, 1690.0000, 0.0000,  127, 64, 0
L 2420.0000, 1720.0000, 0.0000,  2400.0000, 1690.0000, 0.0000,  127, 64, 0
L 2140.0000, 1750.0000, 0.0000,  2140.0000, 1810.0000, 0.0000,  0, 127, 0
L 2120.0000, 1780.0000, 0.0000,  2140.0000, 1750.0000, 0.0000,  0, 127, 0
L 2100.0000, 1750.0000, 0.0000,  2120.0000, 1780.0000, 0.0000,  0, 127, 0
L 2100.0000, 1810.0000, 0.0000,  2100.0000, 1750.0000, 0.0000,  0, 127, 0
L 2160.0000, 1780.0000, 0.0000,  2190.0000, 1780.0000, 0.0000,  0, 127, 0
L 2160.0000, 1810.0000, 0.0000,  2190.0000, 1810.0000, 0.0000,  0, 127, 0
L 2160.0000, 1750.0000, 0.0000,  2160.0000, 1810.0000, 0.0000,  0, 127, 0
L 2190.0000, 1750.0000, 0.0000,  2160.0000, 1750.0000, 0.0000,  0, 127, 0
L 2210.0000, 1750.0000, 0.0000,  2210.0000, 1780.0000, 0.0000,  0, 127, 0
L 2210.0000, 1780.0000, 0.0000,  2210.0000, 1810.0000, 0.0000,  0, 127, 0
L 2210.0000, 1780.0000, 0.0000,  2230.0000, 1780.0000, 0.0000,  0, 127, 0
L 2250.0000, 1780.0000, 0.0000,  2250.0000, 1750.0000, 0.0000,  0, 127, 0
L 2210.0000, 1750.0000, 0.0000,  2250.0000, 1750.0000, 0.0000,  0, 127, 0
L 2230.0000, 1780.0000, 0.0000,  2250.0000, 1780.0000, 0.0000,  0, 127, 0
L 2250.0000, 1810.0000, 0.0000,  2230.0000, 1780.0000, 0.0000,  0, 127, 0
L 2300.0000, 1810.0000, 0.0000,  2270.0000, 1810.0000, 0.0000,  0, 127, 0
L 2270.0000, 1750.0000, 0.0000,  2300.0000, 1750.0000, 0.0000,  0, 127, 0
L 2270.0000, 1810.0000, 0.0000,  2270.0000, 1750.0000, 0.0000,  0, 127, 0
L 2320.0000, 1750.0000, 0.0000,  2320.0000, 1780.0000, 0.0000,  0, 127, 0
L 2360.0000, 1810.0000, 0.0000,  2360.0000, 1780.0000, 0.0000,  0, 127, 0
L 2320.0000, 1780.0000, 0.0000,  2320.0000, 1810.0000, 0.0000,  0, 127, 0
L 2360.0000, 1780.0000, 0.0000,  2360.0000, 1750.0000, 0.0000,  0, 127, 0
L 2320.0000, 1780.0000, 0.0000,  2360.0000, 1780.0000, 0.0000,  0, 127, 0
L 2390.0000, 1780.0000, 0.0000,  2410.0000, 1780.0000, 0.0000,  0, 127, 0
L 2400.0000, 1750.0000, 0.0000,  2420.0000, 1810.0000, 0.0000,  0, 127, 0
L 2380.0000, 1810.0000, 0.0000,  2400.0000, 1750.0000, 0.0000,  0, 127, 0
L 2470.0000, 1810.0000, 0.0000,  2470.0000, 1750.0000, 0.0000,  0, 127, 0
L 2440.0000, 1750.0000, 0.0000,  2470.0000, 1810.0000, 0.0000,  0, 127, 0
L 2440.0000, 1810.0000, 0.0000,  2440.0000, 1750.0000, 0.0000,  0, 127, 0
L 2510.0000, 1750.0000, 0.0000,  2510.0000, 1810.0000, 0.0000,  0, 127, 0
L 2490.0000, 1750.0000, 0.0000,  2530.0000, 1750.0000, 0.0000,  0, 127, 0
L 2140.0000, 1840.0000, 0.0000,  2140.0000, 1900.0000, 0.0000,  0, 127, 127
L 2120.0000, 1870.0000, 0.0000,  2140.0000, 1840.0000, 0.0000,  0, 127, 127
L 2100.0000, 1840.0000, 0.0000,  2120.0000, 1870.0000, 0.0000,  0, 127, 127
L 2100.0000, 1900.0000, 0.0000,  2100.0000, 1840.0000, 0.0000,  0, 127, 127
L 2160.0000, 1840.0000, 0.0000,  2160.0000, 1900.0000, 0.0000,  0, 127, 127
L 2180.0000, 1840.0000, 0.0000,  2180.0000, 1870.0000, 0.0000,  0, 127, 127
L 2180.0000, 1900.0000, 0.0000,  2220.0000, 1900.0000, 0.0000,  0, 127, 127
L 2220.0000, 1870.0000, 0.0000,  2180.0000, 1870.0000, 0.0000,  0, 127, 127
L 2180.0000, 1840.0000, 0.0000,  2220.0000, 1840.0000, 0.0000,  0, 127, 127
L 2220.0000, 1870.0000, 0.0000,  2220.0000, 1900.0000, 0.0000,  0, 127, 127
L 2240.0000, 1840.0000, 0.0000,  2240.0000, 1870.0000, 0.0000,  0, 127, 127
L 2240.0000, 1900.0000, 0.0000,  2280.0000, 1900.0000, 0.0000,  0, 127, 127
L 2280.0000, 1870.0000, 0.0000,  2240.0000, 1870.0000, 0.0000,  0, 127, 127
L 2240.0000, 1840.0000, 0.0000,  2280.0000, 1840.0000, 0.0000,  0, 127, 127
L 2280.0000, 1870.0000, 0.0000,  2280.0000, 1900.0000, 0.0000,  0, 127, 127
L 2300.0000, 1840.0000, 0.0000,  2300.0000, 1900.0000, 0.0000,  0, 127, 127
L 2320.0000, 1840.0000, 0.0000,  2350.0000, 1840.0000, 0.0000,  0, 127, 127
L 2320.0000, 1900.0000, 0.0000,  2350.0000, 1900.0000, 0.0000,  0, 127, 127
L 2320.0000, 1840.0000, 0.0000,  2320.0000, 1900.0000, 0.0000,  0, 127, 127
L 2350.0000, 1840.0000, 0.0000,  2350.0000, 1900.0000, 0.0000,  0, 127, 127
L 2400.0000, 1900.0000, 0.0000,  2400.0000, 1840.0000, 0.0000,  0, 127, 127
L 2370.0000, 1840.0000, 0.0000,  2400.0000, 1900.0000, 0.0000,  0, 127, 127
L 2370.0000, 1900.0000, 0.0000,  2370.0000, 1840.0000, 0.0000,  0, 127, 127
L 2130.0000, 1990.0000, 0.0000,  2130.0000, 1930.0000, 0.0000,  127, 64, 0
L 2100.0000, 1930.0000, 0.0000,  2130.0000, 1990.0000, 0.0000,  127, 64, 0
L 2100.0000, 1990.0000, 0.0000,  2100.0000, 1930.0000, 0.0000,  127, 64, 0
L 2160.0000, 1960.0000, 0.0000,  2180.0000, 1960.0000, 0.0000,  127, 64, 0
L 2170.0000, 1930.0000, 0.0000,  2190.0000, 1990.0000, 0.0000,  127, 64, 0
L 2150.0000, 1990.0000, 0.0000,  2170.0000, 1930.0000, 0.0000,  127, 64, 0
L 2250.0000, 1930.0000, 0.0000,  2250.0000, 1990.0000, 0.0000,  127, 64, 0
L 2230.0000, 1960.0000, 0.0000,  2250.0000, 1930.0000, 0.0000,  127, 64, 0
L 2210.0000, 1930.0000, 0.0000,  2230.0000, 1960.0000, 0.0000,  127, 64, 0
L 2210.0000, 1990.0000, 0.0000,  2210.0000, 1930.0000, 0.0000,  127, 64, 0
L 2270.0000, 1960.0000, 0.0000,  2300.0000, 1960.0000, 0.0000,  127, 64, 0
L 2270.0000, 1990.0000, 0.0000,  2300.0000, 1990.0000, 0.0000,  127, 64, 0
L 2270.0000, 1930.0000, 0.0000,  2270.0000, 1990.0000, 0.0000,  127, 64, 0
L 2300.0000, 1930.0000, 0.0000,  2270.0000, 1930.0000, 0.0000,  127, 64, 0
L 2330.0000, 1990.0000, 0.0000,  2330.0000, 1930.0000, 0.0000,  127, 64, 0
L 2340.0000, 1990.0000, 0.0000,  2320.0000, 1990.0000, 0.0000,  127, 64, 0
L 2350.0000, 1960.0000, 0.0000,  2340.0000, 1990.0000, 0.0000,  127, 64, 0
L 2340.0000, 1930.0000, 0.0000,  2350.0000, 1960.0000, 0.0000,  127, 64, 0
L 2320.0000, 1930.0000, 0.0000,  2340.0000, 1930.0000, 0.0000,  127, 64, 0
L 2130.0000, 2050.0000, 0.0000,  2100.0000, 2050.0000, 0.0000,  0, 255, 0
L 2130.0000, 2020.0000, 0.0000,  2130.0000, 2050.0000, 0.0000,  0, 255, 0
L 2100.0000, 2020.0000, 0.0000,  2130.0000, 2020.0000, 0.0000,  0, 255, 0
L 2100.0000, 2080.0000, 0.0000,  2100.0000, 2020.0000, 0.0000,  0, 255, 0
L 2160.0000, 2050.0000, 0.0000,  2180.0000, 2050.0000, 0.0000,  0, 255, 0
L 2170.0000, 2020.0000, 0.0000,  2190.0000, 2080.0000, 0.0000,  0, 255, 0
L 2150.0000, 2080.0000, 0.0000,  2170.0000, 2020.0000, 0.0000,  0, 255, 0
L 2210.0000, 2020.0000, 0.0000,  2210.0000, 2050.0000, 0.0000,  0, 255, 0
L 2210.0000, 2050.0000, 0.0000,  2210.0000, 2080.0000, 0.0000,  0, 255, 0
L 2210.0000, 2050.0000, 0.0000,  2230.0000, 2050.0000, 0.0000,  0, 255, 0
L 2250.0000, 2050.0000, 0.0000,  2250.0000, 2020.0000, 0.0000,  0, 255, 0
L 2210.0000, 2020.0000, 0.0000,  2250.0000, 2020.0000, 0.0000,  0, 255, 0
L 2230.0000, 2050.0000, 0.0000,  2250.0000, 2050.0000, 0.0000,  0, 255, 0
L 2250.0000, 2080.0000, 0.0000,  2230.0000, 2050.0000, 0.0000,  0, 255, 0
L 2300.0000, 2080.0000, 0.0000,  2270.0000, 2080.0000, 0.0000,  0, 255, 0
L 2270.0000, 2020.0000, 0.0000,  2300.0000, 2020.0000, 0.0000,  0, 255, 0
L 2270.0000, 2080.0000, 0.0000,  2270.0000, 2020.0000, 0.0000,  0, 255, 0
L 2320.0000, 2050.0000, 0.0000,  2350.0000, 2050.0000, 0.0000,  0, 255, 0
L 2320.0000, 2080.0000, 0.0000,  2350.0000, 2080.0000, 0.0000,  0, 255, 0
L 2320.0000, 2020.0000, 0.0000,  2320.0000, 2080.0000, 0.0000,  0, 255, 0
L 2350.0000, 2020.0000, 0.0000,  2320.0000, 2020.0000, 0.0000,  0, 255, 0
L 2370.0000, 2020.0000, 0.0000,  2370.0000, 2080.0000, 0.0000,  0, 255, 0
L 2410.0000, 2080.0000, 0.0000,  2370.0000, 2080.0000, 0.0000,  0, 255, 0
L 2430.0000, 2020.0000, 0.0000,  2430.0000, 2050.0000, 0.0000,  0, 255, 0
L 2430.0000, 2080.0000, 0.0000,  2470.0000, 2080.0000, 0.0000,  0, 255, 0
L 2470.0000, 2050.0000, 0.0000,  2430.0000, 2050.0000, 0.0000,  0, 255, 0
L 2430.0000, 2020.0000, 0.0000,  2470.0000, 2020.0000, 0.0000,  0, 255, 0
L 2470.0000, 2050.0000, 0.0000,  2470.0000, 2080.0000, 0.0000,  0, 255, 0
L 2100.0000, 2110.0000, 0.0000,  2100.0000, 2140.0000, 0.0000,  0, 240, 240
L 2100.0000, 2140.0000, 0.0000,  2100.0000, 2170.0000, 0.0000,  0, 240, 240
L 2100.0000, 2140.0000, 0.0000,  2120.0000, 2140.0000, 0.0000,  0, 240, 240
L 2140.0000, 2140.0000, 0.0000,  2140.0000, 2110.0000, 0.0000,  0, 240, 240
L 2100.0000, 2110.0000, 0.0000,  2140.0000, 2110.0000, 0.0000,  0, 240, 240
L 2120.0000, 2140.0000, 0.0000,  2140.0000, 2140.0000, 0.0000,  0, 240, 240
L 2140.0000, 2170.0000, 0.0000,  2120.0000, 2140.0000, 0.0000,  0, 240, 240
L 2170.0000, 2140.0000, 0.0000,  2190.0000, 2140.0000, 0.0000,  0, 240, 240
L 2180.0000, 2110.0000, 0.0000,  2200.0000, 2170.0000, 0.0000,  0, 240, 240
L 2160.0000, 2170.0000, 0.0000,  2180.0000, 2110.0000, 0.0000,  0, 240, 240
L 2220.0000, 2110.0000, 0.0000,  2220.0000, 2170.0000, 0.0000,  0, 240, 240
L 2250.0000, 2170.0000, 0.0000,  2250.0000, 2110.0000, 0.0000,  0, 240, 240
L 2260.0000, 2170.0000, 0.0000,  2240.0000, 2170.0000, 0.0000,  0, 240, 240
L 2270.0000, 2140.0000, 0.0000,  2260.0000, 2170.0000, 0.0000,  0, 240, 240
L 2260.0000, 2110.0000, 0.0000,  2270.0000, 2140.0000, 0.0000,  0, 240, 240
L 2240.0000, 2110.0000, 0.0000,  2260.0000, 2110.0000, 0.0000,  0, 240, 240
L 2100.0000, 2200.0000, 0.0000,  2100.0000, 2230.0000, 0.0000,  0, 255, 0
L 2100.0000, 2260.0000, 0.0000,  2140.0000, 2260.0000, 0.0000,  0, 255, 0
L 2140.0000, 2230.0000, 0.0000,  2100.0000, 2230.0000, 0.0000,  0, 255, 0
L 2100.0000, 2200.0000, 0.0000,  2140.0000, 2200.0000, 0.0000,  0, 255, 0
L 2140.0000, 2230.0000, 0.0000,  2140.0000, 2260.0000, 0.0000,  0, 255, 0
L 2190.0000, 2230.0000, 0.0000,  2160.0000, 2230.0000, 0.0000,  0, 255, 0
L 2190.0000, 2200.0000, 0.0000,  2190.0000, 2230.0000, 0.0000,  0, 255, 0
L 2160.0000, 2200.0000, 0.0000,  2190.0000, 2200.0000, 0.0000,  0, 255, 0
L 2160.0000, 2260.0000, 0.0000,  2160.0000, 2200.0000, 0.0000,  0, 255, 0
L 2210.0000, 2230.0000, 0.0000,  2240.0000, 2230.0000, 0.0000,  0, 255, 0
L 2210.0000, 2260.0000, 0.0000,  2240.0000, 2260.0000, 0.0000,  0, 255, 0
L 2210.0000, 2200.0000, 0.0000,  2210.0000, 2260.0000, 0.0000,  0, 255, 0
L 2240.0000, 2200.0000, 0.0000,  2210.0000, 2200.0000, 0.0000,  0, 255, 0
L 2290.0000, 2260.0000, 0.0000,  2260.0000, 2260.0000, 0.0000,  0, 255, 0
L 2260.0000, 2200.0000, 0.0000,  2290.0000, 2200.0000, 0.0000,  0, 255, 0
L 2260.0000, 2260.0000, 0.0000,  2260.0000, 2200.0000, 0.0000,  0, 255, 0
L 2310.0000, 2200.0000, 0.0000,  2310.0000, 2260.0000, 0.0000,  0, 255, 0
L 2340.0000, 2230.0000, 0.0000,  2360.0000, 2230.0000, 0.0000,  0, 255, 0
L 2350.0000, 2200.0000, 0.0000,  2370.0000, 2260.0000, 0.0000,  0, 255, 0
L 2330.0000, 2260.0000, 0.0000,  2350.0000, 2200.0000, 0.0000,  0, 255, 0
L 2390.0000, 2200.0000, 0.0000,  2390.0000, 2260.0000, 0.0000,  0, 255, 0
L 2430.0000, 2260.0000, 0.0000,  2390.0000, 2260.0000, 0.0000,  0, 255, 0
L 2540.0000, 2260.0000, 0.0000,  2510.0000, 2260.0000, 0.0000,  0, 255, 0
L 2510.0000, 2200.0000, 0.0000,  2540.0000, 2200.0000, 0.0000,  0, 255, 0
L 2510.0000, 2260.0000, 0.0000,  2510.0000, 2200.0000, 0.0000,  0, 255, 0
L 2600.0000, 2200.0000, 0.0000,  2600.0000, 2260.0000, 0.0000,  0, 255, 0
L 2560.0000, 2200.0000, 0.0000,  2560.0000, 2260.0000, 0.0000,  0, 255, 0
L 2560.0000, 2260.0000, 0.0000,  2600.0000, 2260.0000, 0.0000,  0, 255, 0
L 2620.0000, 2200.0000, 0.0000,  2620.0000, 2230.0000, 0.0000,  0, 255, 0
L 2620.0000, 2230.0000, 0.0000,  2620.0000, 2260.0000, 0.0000,  0, 255, 0
L 2620.0000, 2230.0000, 0.0000,  2640.0000, 2230.0000, 0.0000,  0, 255, 0
L 2660.0000, 2230.0000, 0.0000,  2660.0000, 2200.0000, 0.0000,  0, 255, 0
L 2620.0000, 2200.0000, 0.0000,  2660.0000, 2200.0000, 0.0000,  0, 255, 0
L 2640.0000, 2230.0000, 0.0000,  2660.0000, 2230.0000, 0.0000,  0, 255, 0
L 2660.0000, 2260.0000, 0.0000,  2640.0000, 2230.0000, 0.0000,  0, 255, 0
L 2680.0000, 2200.0000, 0.0000,  2680.0000, 2230.0000, 0.0000,  0, 255, 0
L 2680.0000, 2230.0000, 0.0000,  2680.0000, 2260.0000, 0.0000,  0, 255, 0
L 2680.0000, 2230.0000, 0.0000,  2700.0000, 2230.0000, 0.0000,  0, 255, 0
L 2720.0000, 2230.0000, 0.0000,  2720.0000, 2200.0000, 0.0000,  0, 255, 0
L 2680.0000, 2200.0000, 0.0000,  2720.0000, 2200.0000, 0.0000,  0, 255, 0
L 2700.0000, 2230.0000, 0.0000,  2720.0000, 2230.0000, 0.0000,  0, 255, 0
L 2720.0000, 2260.0000, 0.0000,  2700.0000, 2230.0000, 0.0000,  0, 255, 0
L 2740.0000, 2230.0000, 0.0000,  2770.0000, 2230.0000, 0.0000,  0, 255, 0
L 2740.0000, 2260.0000, 0.0000,  2770.0000, 2260.0000, 0.0000,  0, 255, 0
L 2740.0000, 2200.0000, 0.0000,  2740.0000, 2260.0000, 0.0000,  0, 255, 0
L 2770.0000, 2200.0000, 0.0000,  2740.0000, 2200.0000, 0.0000,  0, 255, 0
L 2820.0000, 2260.0000, 0.0000,  2820.0000, 2200.0000, 0.0000,  0, 255, 0
L 2790.0000, 2200.0000, 0.0000,  2820.0000, 2260.0000, 0.0000,  0, 255, 0
L 2790.0000, 2260.0000, 0.0000,  2790.0000, 2200.0000, 0.0000,  0, 255, 0
L 2870.0000, 2260.0000, 0.0000,  2840.0000, 2260.0000, 0.0000,  0, 255, 0
L 2840.0000, 2200.0000, 0.0000,  2870.0000, 2200.0000, 0.0000,  0, 255, 0
L 2840.0000, 2260.0000, 0.0000,  2840.0000, 2200.0000, 0.0000,  0, 255, 0
L 2910.0000, 2230.0000, 0.0000,  2910.0000, 2260.0000, 0.0000,  0, 255, 0
L 2910.0000, 2230.0000, 0.0000,  2930.0000, 2200.0000, 0.0000,  0, 255, 0
L 2890.0000, 2200.0000, 0.0000,  2910.0000, 2230.0000, 0.0000,  0, 255, 0
L 2100.0000, 2290.0000, 0.0000,  2100.0000, 2320.0000, 0.0000,  255, 0, 0
L 2100.0000, 2350.0000, 0.0000,  2140.0000, 2350.0000, 0.0000,  255, 0, 0
L 2140.0000, 2320.0000, 0.0000,  2100.0000, 2320.0000, 0.0000,  255, 0, 0
L 2100.0000, 2290.0000, 0.0000,  2140.0000, 2290.0000, 0.0000,  255, 0, 0
L 2140.0000, 2320.0000, 0.0000,  2140.0000, 2350.0000, 0.0000,  255, 0, 0
L 2200.0000, 2290.0000, 0.0000,  2200.0000, 2350.0000, 0.0000,  255, 0, 0
L 2160.0000, 2290.0000, 0.0000,  2160.0000, 2350.0000, 0.0000,  255, 0, 0
L 2160.0000, 2350.0000, 0.0000,  2200.0000, 2350.0000, 0.0000,  255, 0, 0
L 2250.0000, 2350.0000, 0.0000,  2220.0000, 2350.0000, 0.0000,  255, 0, 0
L 2220.0000, 2290.0000, 0.0000,  2250.0000, 2290.0000, 0.0000,  255, 0, 0
L 2220.0000, 2350.0000, 0.0000,  2220.0000, 2290.0000, 0.0000,  255, 0, 0
L 2300.0000, 2350.0000, 0.0000,  2270.0000, 2350.0000, 0.0000,  255, 0, 0
L 2270.0000, 2290.0000, 0.0000,  2300.0000, 2290.0000, 0.0000,  255, 0, 0
L 2270.0000, 2350.0000, 0.0000,  2270.0000, 2290.0000, 0.0000,  255, 0, 0
L 2320.0000, 2290.0000, 0.0000,  2350.0000, 2290.0000, 0.0000,  255, 0, 0
L 2320.0000, 2350.0000, 0.0000,  2350.0000, 2350.0000, 0.0000,  255, 0, 0
L 2320.0000, 2290.0000, 0.0000,  2320.0000, 2350.0000, 0.0000,  255, 0, 0
L 2350.0000, 2290.0000, 0.0000,  2350.0000, 2350.0000, 0.0000,  255, 0, 0
L 2370.0000, 2290.0000, 0.0000,  2370.0000, 2320.0000, 0.0000,  255, 0, 0
L 2370.0000, 2320.0000, 0.0000,  2370.0000, 2350.0000, 0.0000,  255, 0, 0
L 2370.0000, 2320.0000, 0.0000,  2390.0000, 2320.0000, 0.0000,  255, 0, 0
L 2410.0000, 2320.0000, 0.0000,  2410.0000, 2290.0000, 0.0000,  255, 0, 0
L 2370.0000, 2290.0000, 0.0000,  2410.0000, 2290.0000, 0.0000,  255, 0, 0
L 2390.0000, 2320.0000, 0.0000,  2410.0000, 2320.0000, 0.0000,  255, 0, 0
L 2410.0000, 2350.0000, 0.0000,  2390.0000, 2320.0000, 0.0000,  255, 0, 0
L 2120.0000, 2380.0000, 0.0000,  2120.0000, 2440.0000, 0.0000,  255, 255, 0
L 2100.0000, 2380.0000, 0.0000,  2140.0000, 2380.0000, 0.0000,  255, 255, 0
L 2160.0000, 2410.0000, 0.0000,  2190.0000, 2410.0000, 0.0000,  255, 255, 0
L 2160.0000, 2440.0000, 0.0000,  2190.0000, 2440.0000, 0.0000,  255, 255, 0
L 2160.0000, 2380.0000, 0.0000,  2160.0000, 2440.0000, 0.0000,  255, 255, 0
L 2190.0000, 2380.0000, 0.0000,  2160.0000, 2380.0000, 0.0000,  255, 255, 0
L 2210.0000, 2380.0000, 0.0000,  2210.0000, 2440.0000, 0.0000,  255, 255, 0
L 2250.0000, 2440.0000, 0.0000,  2210.0000, 2440.0000, 0.0000,  255, 255, 0
L 2270.0000, 2410.0000, 0.0000,  2300.0000, 2410.0000, 0.0000,  255, 255, 0
L 2270.0000, 2440.0000, 0.0000,  2300.0000, 2440.0000, 0.0000,  255, 255, 0
L 2270.0000, 2380.0000, 0.0000,  2270.0000, 2440.0000, 0.0000,  255, 255, 0
L 2300.0000, 2380.0000, 0.0000,  2270.0000, 2380.0000, 0.0000,  255, 255, 0
L 2350.0000, 2410.0000, 0.0000,  2320.0000, 2410.0000, 0.0000,  255, 255, 0
L 2350.0000, 2380.0000, 0.0000,  2350.0000, 2410.0000, 0.0000,  255, 255, 0
L 2320.0000, 2380.0000, 0.0000,  2350.0000, 2380.0000, 0.0000,  255, 255, 0
L 2320.0000, 2440.0000, 0.0000,  2320.0000, 2380.0000, 0.0000,  255, 255, 0
L 2370.0000, 2380.0000, 0.0000,  2400.0000, 2380.0000, 0.0000,  255, 255, 0
L 2370.0000, 2440.0000, 0.0000,  2400.0000, 2440.0000, 0.0000,  255, 255, 0
L 2370.0000, 2380.0000, 0.0000,  2370.0000, 2440.0000, 0.0000,  255, 255, 0
L 2400.0000, 2380.0000, 0.0000,  2400.0000, 2440.0000, 0.0000,  255, 255, 0
L 2420.0000, 2380.0000, 0.0000,  2420.0000, 2410.0000, 0.0000,  255, 255, 0
L 2420.0000, 2410.0000, 0.0000,  2420.0000, 2440.0000, 0.0000,  255, 255, 0
L 2420.0000, 2410.0000, 0.0000,  2440.0000, 2410.0000, 0.0000,  255, 255, 0
L 2460.0000, 2410.0000, 0.0000,  2460.0000, 2380.0000, 0.0000,  255, 255, 0
L 2420.0000, 2380.0000, 0.0000,  2460.0000, 2380.0000, 0.0000,  255, 255, 0
L 2440.0000, 2410.0000, 0.0000,  2460.0000, 2410.0000, 0.0000,  255, 255, 0
L 2460.0000, 2440.0000, 0.0000,  2440.0000, 2410.0000, 0.0000,  255, 255, 0
L 2500.0000, 2380.0000, 0.0000,  2500.0000, 2440.0000, 0.0000,  255, 255, 0
L 2480.0000, 2380.0000, 0.0000,  2520.0000, 2380.0000, 0.0000,  255, 255, 0
L 2120.0000, 2470.0000, 0.0000,  2120.0000, 2530.0000, 0.0000,  128, 0, 128
L 2100.0000, 2470.0000, 0.0000,  2140.0000, 2470.0000, 0.0000,  128, 0, 128
L 2160.0000, 2470.0000, 0.0000,  2160.0000, 2500.0000, 0.0000,  128, 0, 128
L 2160.0000, 2500.0000, 0.0000,  2160.0000, 2530.0000, 0.0000,  128, 0, 128
L 2160.0000, 2500.0000, 0.0000,  2180.0000, 2500.0000, 0.0000,  128, 0, 128
L 2200.0000, 2500.0000, 0.0000,  2200.0000, 2470.0000, 0.0000,  128, 0, 128
L 2160.0000, 2470.0000, 0.0000,  2200.0000, 2470.0000, 0.0000,  128, 0, 128
L 2180.0000, 2500.0000, 0.0000,  2200.0000, 2500.0000, 0.0000,  128, 0, 128
L 2200.0000, 2530.0000, 0.0000,  2180.0000, 2500.0000, 0.0000,  128, 0, 128
L 2230.0000, 2500.0000, 0.0000,  2250.0000, 2500.0000, 0.0000,  128, 0, 128
L 2240.0000, 2470.0000, 0.0000,  2260.0000, 2530.0000, 0.0000,  128, 0, 128
L 2220.0000, 2530.0000, 0.0000,  2240.0000, 2470.0000, 0.0000,  128, 0, 128
L 2290.0000, 2530.0000, 0.0000,  2290.0000, 2470.0000, 0.0000,  128, 0, 128
L 2300.0000, 2530.0000, 0.0000,  2280.0000, 2530.0000, 0.0000,  128, 0, 128
L 2310.0000, 2500.0000, 0.0000,  2300.0000, 2530.0000, 0.0000,  128, 0, 128
L 2300.0000, 2470.0000, 0.0000,  2310.0000, 2500.0000, 0.0000,  128, 0, 128
L 2280.0000, 2470.0000, 0.0000,  2300.0000, 2470.0000, 0.0000,  128, 0, 128
L 2330.0000, 2500.0000, 0.0000,  2360.0000, 2500.0000, 0.0000,  128, 0, 128
L 2330.0000, 2530.0000, 0.0000,  2360.0000, 2530.0000, 0.0000,  128, 0, 128
L 2330.0000, 2470.0000, 0.0000,  2330.0000, 2530.0000, 0.0000,  128, 0, 128
L 2360.0000, 2470.0000, 0.0000,  2330.0000, 2470.0000, 0.0000,  128, 0, 128
L 2380.0000, 2470.0000, 0.0000,  2380.0000, 2500.0000, 0.0000,  128, 0, 128
L 2380.0000, 2530.0000, 0.0000,  2420.0000, 2530.0000, 0.0000,  128, 0, 128
L 2420.0000, 2500.0000, 0.0000,  2380.0000, 2500.0000, 0.0000,  128, 0, 128
L 2380.0000, 2470.0000, 0.0000,  2420.0000, 2470.0000, 0.0000,  128, 0, 128
L 2420.0000, 2500.0000, 0.0000,  2420.0000, 2530.0000, 0.0000,  128, 0, 128
L 2440.0000, 2470.0000, 0.0000,  2440.0000, 2500.0000, 0.0000,  128, 0, 128
L 2440.0000, 2500.0000, 0.0000,  2440.0000, 2530.0000, 0.0000,  128, 0, 128
L 2440.0000, 2500.0000, 0.0000,  2480.0000, 2530.0000, 0.0000,  128, 0, 128
L 2440.0000, 2500.0000, 0.0000,  2480.0000, 2470.0000, 0.0000,  128, 0, 128
L 2500.0000, 2470.0000, 0.0000,  2500.0000, 2530.0000, 0.0000,  128, 0, 128
L 2520.0000, 2470.0000, 0.0000,  2520.0000, 2530.0000, 0.0000,  128, 0, 128
L 2560.0000, 2530.0000, 0.0000,  2520.0000, 2530.0000, 0.0000,  128, 0, 128
L 2580.0000, 2470.0000, 0.0000,  2580.0000, 2530.0000, 0.0000,  128, 0, 128
L 2620.0000, 2530.0000, 0.0000,  2580.0000, 2530.0000, 0.0000,  128, 0, 128
L 2730.0000, 2530.0000, 0.0000,  2700.0000, 2530.0000, 0.0000,  128, 0, 128
L 2700.0000, 2470.0000, 0.0000,  2730.0000, 2470.0000, 0.0000,  128, 0, 128
L 2700.0000, 2530.0000, 0.0000,  2700.0000, 2470.0000, 0.0000,  128, 0, 128
L 2750.0000, 2470.0000, 0.0000,  2780.0000, 2470.0000, 0.0000,  128, 0, 128
L 2750.0000, 2530.0000, 0.0000,  2780.0000, 2530.0000, 0.0000,  128, 0, 128
L 2750.0000, 2470.0000, 0.0000,  2750.0000, 2530.0000, 0.0000,  128, 0, 128
L 2780.0000, 2470.0000, 0.0000,  2780.0000, 2530.0000, 0.0000,  128, 0, 128
L 2830.0000, 2530.0000, 0.0000,  2830.0000, 2470.0000, 0.0000,  128, 0, 128
L 2800.0000, 2470.0000, 0.0000,  2830.0000, 2530.0000, 0.0000,  128, 0, 128
L 2800.0000, 2530.0000, 0.0000,  2800.0000, 2470.0000, 0.0000,  128, 0, 128
L 2870.0000, 2470.0000, 0.0000,  2870.0000, 2530.0000, 0.0000,  128, 0, 128
L 2850.0000, 2470.0000, 0.0000,  2890.0000, 2470.0000, 0.0000,  128, 0, 128
L 2920.0000, 2500.0000, 0.0000,  2940.0000, 2500.0000, 0.0000,  128, 0, 128
L 2930.0000, 2470.0000, 0.0000,  2950.0000, 2530.0000, 0.0000,  128, 0, 128
L 2910.0000, 2530.0000, 0.0000,  2930.0000, 2470.0000, 0.0000,  128, 0, 128
L 2970.0000, 2470.0000, 0.0000,  2970.0000, 2530.0000, 0.0000,  128, 0, 128
L 3020.0000, 2530.0000, 0.0000,  3020.0000, 2470.0000, 0.0000,  128, 0, 128
L 2990.0000, 2470.0000, 0.0000,  3020.0000, 2530.0000, 0.0000,  128, 0, 128
L 2990.0000, 2530.0000, 0.0000,  2990.0000, 2470.0000, 0.0000,  128, 0, 128
L 3040.0000, 2500.0000, 0.0000,  3070.0000, 2500.0000, 0.0000,  128, 0, 128
L 3040.0000, 2530.0000, 0.0000,  3070.0000, 2530.0000, 0.0000,  128, 0, 128
L 3040.0000, 2470.0000, 0.0000,  3040.0000, 2530.0000, 0.0000,  128, 0, 128
L 3070.0000, 2470.0000, 0.0000,  3040.0000, 2470.0000, 0.0000,  128, 0, 128
L 3090.0000, 2470.0000, 0.0000,  3090.0000, 2500.0000, 0.0000,  128, 0, 128
L 3090.0000, 2500.0000, 0.0000,  3090.0000, 2530.0000, 0.0000,  128, 0, 128
L 3090.0000, 2500.0000, 0.0000,  3110.0000, 2500.0000, 0.0000,  128, 0, 128
L 3130.0000, 2500.0000, 0.0000,  3130.0000, 2470.0000, 0.0000,  128, 0, 128
L 3090.0000, 2470.0000, 0.0000,  3130.0000, 2470.0000, 0.0000,  128, 0, 128
L 3110.0000, 2500.0000, 0.0000,  3130.0000, 2500.0000, 0.0000,  128, 0, 128
L 3130.0000, 2530.0000, 0.0000,  3110.0000, 2500.0000, 0.0000,  128, 0, 128
L 2120.0000, 2560.0000, 0.0000,  2120.0000, 2620.0000, 0.0000,  255, 255, 0
L 2100.0000, 2560.0000, 0.0000,  2140.0000, 2560.0000, 0.0000,  255, 255, 0
L 2160.0000, 2560.0000, 0.0000,  2160.0000, 2590.0000, 0.0000,  255, 255, 0
L 2160.0000, 2590.0000, 0.0000,  2160.0000, 2620.0000, 0.0000,  255, 255, 0
L 2160.0000, 2590.0000, 0.0000,  2180.0000, 2590.0000, 0.0000,  255, 255, 0
L 2200.0000, 2590.0000, 0.0000,  2200.0000, 2560.0000, 0.0000,  255, 255, 0
L 2160.0000, 2560.0000, 0.0000,  2200.0000, 2560.0000, 0.0000,  255, 255, 0
L 2180.0000, 2590.0000, 0.0000,  2200.0000, 2590.0000, 0.0000,  255, 255, 0
L 2200.0000, 2620.0000, 0.0000,  2180.0000, 2590.0000, 0.0000,  255, 255, 0
L 2230.0000, 2590.0000, 0.0000,  2250.0000, 2590.0000, 0.0000,  255, 255, 0
L 2240.0000, 2560.0000, 0.0000,  2260.0000, 2620.0000, 0.0000,  255, 255, 0
L 2220.0000, 2620.0000, 0.0000,  2240.0000, 2560.0000, 0.0000,  255, 255, 0
L 2310.0000, 2590.0000, 0.0000,  2280.0000, 2590.0000, 0.0000,  255, 255, 0
L 2310.0000, 2560.0000, 0.0000,  2310.0000, 2590.0000, 0.0000,  255, 255, 0
L 2280.0000, 2560.0000, 0.0000,  2310.0000, 2560.0000, 0.0000,  255, 255, 0
L 2280.0000, 2620.0000, 0.0000,  2280.0000, 2560.0000, 0.0000,  255, 255, 0
L 2130.0000, 2650.0000, 0.0000,  2100.0000, 2650.0000, 0.0000,  255, 0, 0
L 2100.0000, 2710.0000, 0.0000,  2130.0000, 2650.0000, 0.0000,  255, 0, 0
L 2100.0000, 2710.0000, 0.0000,  2130.0000, 2710.0000, 0.0000,  255, 0, 0
L 2150.0000, 2650.0000, 0.0000,  2180.0000, 2650.0000, 0.0000,  255, 0, 0
L 2150.0000, 2710.0000, 0.0000,  2180.0000, 2710.0000, 0.0000,  255, 0, 0
L 2150.0000, 2650.0000, 0.0000,  2150.0000, 2710.0000, 0.0000,  255, 0, 0
L 2180.0000, 2650.0000, 0.0000,  2180.0000, 2710.0000, 0.0000,  255, 0, 0
L 2230.0000, 2710.0000, 0.0000,  2230.0000, 2650.0000, 0.0000,  255, 0, 0
L 2200.0000, 2650.0000, 0.0000,  2230.0000, 2710.0000, 0.0000,  255, 0, 0
L 2200.0000, 2710.0000, 0.0000,  2200.0000, 2650.0000, 0.0000,  255, 0, 0
L 2250.0000, 2680.0000, 0.0000,  2280.0000, 2680.0000, 0.0000,  255, 0, 0
L 2250.0000, 2710.0000, 0.0000,  2280.0000, 2710.0000, 0.0000,  255, 0, 0
L 2250.0000, 2650.0000, 0.0000,  2250.0000, 2710.0000, 0.0000,  255, 0, 0
L 2280.0000, 2650.0000, 0.0000,  2250.0000, 2650.0000, 0.0000,  255, 0, 0
P 1100.0000, 1000.0000, 0.0000,  0, 0, 0,  2,  Revised_Map:_Brewall_Rainsiger_(Cazic-Thule)
P 1100.0000, 1200.0000, 0.0000,  0, 0, 0,  2,  http://www.eqmaps.info
P 1100.0000, 1400.0000, 0.0000,  0, 0, 0,  2,  Return_of_the_Exiled_(www.roteguild.org)
