L -3493.0000, -1303.0000, 248.0000,  -3496.0000, -1287.0000, 249.0000,  0, 0, 0
L -3403.0000, -1474.0000, 222.0000,  -3493.0000, -1303.0000, 248.0000,  0, 0, 0
L -3356.0000, -1474.0000, 208.0000,  -3403.0000, -1474.0000, 222.0000,  0, 0, 0
L -3356.0000, -1461.0000, 204.0000,  -3356.0000, -1474.0000, 208.0000,  0, 0, 0
L -3414.0000, -1365.0000, 158.0000,  -3356.0000, -1461.0000, 204.0000,  0, 0, 0
L -3429.0000, -1266.0000, 142.0000,  -3414.0000, -1365.0000, 158.0000,  0, 0, 0
L -3398.0000, -1191.0000, 125.0000,  -3429.0000, -1266.0000, 142.0000,  0, 0, 0
L -3389.0000, -1190.0000, 122.0000,  -3398.0000, -1191.0000, 125.0000,  0, 0, 0
L -3374.0000, -1259.0000, 99.0000,  -3389.0000, -1190.0000, 122.0000,  0, 0, 0
L -3333.0000, -1338.0000, 95.0000,  -3374.0000, -1259.0000, 99.0000,  0, 0, 0
L -3294.0000, -1341.0000, 95.0000,  -3333.0000, -1338.0000, 95.0000,  0, 0, 0
L -3190.0000, -1254.0000, 47.0000,  -3294.0000, -1341.0000, 95.0000,  0, 0, 0
L -3136.0000, -1145.0000, 16.0000,  -3190.0000, -1254.0000, 47.0000,  0, 0, 0
L -1713.0000, -935.0000, 99.0000,  -1713.0000, -934.0000, 99.0000,  0, 0, 0
L 228.0000, -417.0000, 28.0000,  214.0000, -809.0000, 91.0000,  127, 127, 127
L 177.0000, -304.0000, 32.0000,  228.0000, -417.0000, 28.0000,  127, 127, 127
L -104.0000, -109.0000, 12.0000,  177.0000, -304.0000, 32.0000,  127, 127, 127
L -217.0000, -26.0000, 14.0000,  -104.0000, -109.0000, 12.0000,  127, 127, 127
L -227.0000, -8.0000, 13.0000,  -332.0000, -8.0000, 14.0000,  0, 0, 0
L -332.0000, -26.0000, 13.0000,  -227.0000, -28.0000, 14.0000,  0, 0, 0
L -771.0000, -287.0000, 13.0000,  -748.0000, -273.0000, 8.0000,  127, 127, 127
L -995.0000, -306.0000, 12.0000,  -771.0000, -287.0000, 13.0000,  127, 127, 127
L -1281.0000, -71.0000, 29.0000,  -995.0000, -306.0000, 12.0000,  127, 127, 127
L -1863.0000, -335.0000, -21.0000,  -1854.0000, -318.0000, -21.0000,  0, 240, 240
L -1839.0000, -337.0000, -20.0000,  -1863.0000, -335.0000, -21.0000,  0, 240, 240
L -1792.0000, -318.0000, -26.0000,  -1839.0000, -337.0000, -20.0000,  0, 240, 240
L -1694.0000, -189.0000, 8.0000,  -1792.0000, -318.0000, -26.0000,  0, 240, 240
L -1700.0000, -180.0000, 8.0000,  -1694.0000, -189.0000, 8.0000,  0, 240, 240
L -1718.0000, -180.0000, 8.0000,  -1700.0000, -180.0000, 8.0000,  0, 240, 240
L -1790.0000, -232.0000, -9.0000,  -1718.0000, -180.0000, 8.0000,  0, 240, 240
L -1801.0000, -252.0000, -20.0000,  -1790.0000, -232.0000, -9.0000,  0, 240, 240
L -1855.0000, -321.0000, -21.0000,  -1801.0000, -252.0000, -20.0000,  0, 240, 240
L -797.0000, -681.0000, 120.0000,  -797.0000, -652.0000, 115.0000,  0, 0, 0
L -834.0000, -763.0000, 114.0000,  -797.0000, -681.0000, 120.0000,  0, 0, 0
L -1018.0000, -907.0000, 154.0000,  -834.0000, -763.0000, 114.0000,  0, 0, 0
L -1075.0000, -939.0000, 172.0000,  -1018.0000, -907.0000, 154.0000,  0, 0, 0
L -1168.0000, -996.0000, 154.0000,  -1075.0000, -939.0000, 172.0000,  0, 0, 0
L -1160.0000, -1045.0000, 166.0000,  -1168.0000, -996.0000, 154.0000,  0, 0, 0
L -1157.0000, -1055.0000, 163.0000,  -1160.0000, -1045.0000, 166.0000,  0, 0, 0
L -1156.0000, -1058.0000, 158.0000,  -1157.0000, -1055.0000, 163.0000,  0, 0, 0
L -1155.0000, -1060.0000, 159.0000,  -1156.0000, -1058.0000, 158.0000,  0, 0, 0
L -1158.0000, -1061.0000, 157.0000,  -1155.0000, -1060.0000, 159.0000,  0, 0, 0
L -1176.0000, -1124.0000, 160.0000,  -1158.0000, -1061.0000, 157.0000,  0, 0, 0
L -1185.0000, -1143.0000, 154.0000,  -1176.0000, -1124.0000, 160.0000,  0, 0, 0
L -1253.0000, -1177.0000, 167.0000,  -1185.0000, -1143.0000, 154.0000,  0, 0, 0
L -1286.0000, -1174.0000, 182.0000,  -1253.0000, -1177.0000, 167.0000,  0, 0, 0
L -1306.0000, -1172.0000, 183.0000,  -1286.0000, -1174.0000, 182.0000,  0, 0, 0
L -1350.0000, -1120.0000, 185.0000,  -1306.0000, -1172.0000, 183.0000,  0, 0, 0
L -1419.0000, -1100.0000, 181.0000,  -1350.0000, -1120.0000, 185.0000,  0, 0, 0
L -1457.0000, -1121.0000, 180.0000,  -1419.0000, -1100.0000, 181.0000,  0, 0, 0
L -1489.0000, -1162.0000, 193.0000,  -1457.0000, -1121.0000, 180.0000,  0, 0, 0
L -1579.0000, -1190.0000, 175.0000,  -1489.0000, -1162.0000, 193.0000,  0, 0, 0
L -1581.0000, -1190.0000, 176.0000,  -1579.0000, -1190.0000, 175.0000,  0, 0, 0
L -1585.0000, -1205.0000, 179.0000,  -1581.0000, -1190.0000, 176.0000,  0, 0, 0
L -1586.0000, -1201.0000, 177.0000,  -1585.0000, -1205.0000, 179.0000,  0, 0, 0
L -1590.0000, -1189.0000, 148.0000,  -1586.0000, -1201.0000, 177.0000,  0, 0, 0
L -1632.0000, -1189.0000, 116.0000,  -1590.0000, -1189.0000, 148.0000,  0, 0, 0
L -1645.0000, -1200.0000, 99.0000,  -1632.0000, -1189.0000, 116.0000,  0, 0, 0
L -1657.0000, -1190.0000, 79.0000,  -1645.0000, -1200.0000, 99.0000,  0, 0, 0
L -1669.0000, -1085.0000, 37.0000,  -1657.0000, -1190.0000, 79.0000,  0, 0, 0
L -1672.0000, -1022.0000, 49.0000,  -1669.0000, -1085.0000, 37.0000,  0, 0, 0
L -1684.0000, -949.0000, 114.0000,  -1672.0000, -1022.0000, 49.0000,  0, 0, 0
L -1691.0000, -836.0000, 154.0000,  -1684.0000, -949.0000, 114.0000,  0, 0, 0
L -1665.0000, -816.0000, 181.0000,  -1691.0000, -836.0000, 154.0000,  0, 0, 0
L -1603.0000, -819.0000, 195.0000,  -1665.0000, -816.0000, 181.0000,  0, 0, 0
L -1533.0000, -850.0000, 195.0000,  -1603.0000, -819.0000, 195.0000,  0, 0, 0
L -1483.0000, -852.0000, 189.0000,  -1533.0000, -850.0000, 195.0000,  0, 0, 0
L -1451.0000, -783.0000, 184.0000,  -1483.0000, -852.0000, 189.0000,  0, 0, 0
L -1417.0000, -736.0000, 169.0000,  -1451.0000, -783.0000, 184.0000,  0, 0, 0
L -1367.0000, -685.0000, 137.0000,  -1417.0000, -736.0000, 169.0000,  0, 0, 0
L -1274.0000, -628.0000, 122.0000,  -1367.0000, -685.0000, 137.0000,  0, 0, 0
L -1200.0000, -550.0000, 100.0000,  -1274.0000, -628.0000, 122.0000,  0, 0, 0
L -1058.0000, -456.0000, 62.0000,  -1200.0000, -550.0000, 100.0000,  0, 0, 0
L -975.0000, -437.0000, 61.0000,  -1058.0000, -456.0000, 62.0000,  0, 0, 0
L -907.0000, -458.0000, 72.0000,  -975.0000, -437.0000, 61.0000,  0, 0, 0
L -899.0000, -483.0000, 87.0000,  -907.0000, -458.0000, 72.0000,  0, 0, 0
L -850.0000, -532.0000, 87.0000,  -899.0000, -483.0000, 87.0000,  0, 0, 0
L -799.0000, -612.0000, 88.0000,  -850.0000, -532.0000, 87.0000,  0, 0, 0
L -797.0000, -662.0000, 118.0000,  -799.0000, -612.0000, 88.0000,  0, 0, 0
L -230.0000, -1315.0000, 52.0000,  -70.0000, -1313.0000, 52.0000,  0, 0, 0
L -63.0000, -1339.0000, 54.0000,  -227.0000, -1339.0000, 52.0000,  0, 0, 0
L 66.0000, -1489.0000, 57.0000,  94.0000, -1498.0000, 57.0000,  0, 0, 240
L 23.0000, -1496.0000, 58.0000,  66.0000, -1489.0000, 57.0000,  0, 0, 240
L -7.0000, -1528.0000, 57.0000,  23.0000, -1496.0000, 58.0000,  0, 0, 240
L -15.0000, -1560.0000, 57.0000,  -7.0000, -1528.0000, 57.0000,  0, 0, 240
L 2.0000, -1598.0000, 57.0000,  -15.0000, -1560.0000, 57.0000,  0, 0, 240
L 9.0000, -1604.0000, 55.0000,  2.0000, -1598.0000, 57.0000,  0, 0, 240
L 23.0000, -1614.0000, 59.0000,  9.0000, -1604.0000, 55.0000,  0, 0, 240
L 45.0000, -1613.0000, 57.0000,  23.0000, -1614.0000, 59.0000,  0, 0, 240
L 110.0000, -1570.0000, 63.0000,  45.0000, -1613.0000, 57.0000,  0, 0, 240
L 121.0000, -1522.0000, 61.0000,  110.0000, -1570.0000, 63.0000,  0, 0, 240
L 97.0000, -1500.0000, 57.0000,  121.0000, -1522.0000, 61.0000,  0, 0, 240
L 838.0000, -1535.0000, 104.0000,  837.0000, -1534.0000, 104.0000,  0, 0, 0
L 1021.0000, -1619.0000, 65.0000,  1020.0000, -1618.0000, 65.0000,  0, 0, 0
L 873.0000, 299.0000, 6.0000,  876.0000, 372.0000, 5.0000,  0, 0, 240
L 861.0000, 215.0000, 4.0000,  873.0000, 299.0000, 6.0000,  0, 0, 240
L 839.0000, 186.0000, 9.0000,  861.0000, 215.0000, 4.0000,  0, 0, 240
L 829.0000, 172.0000, 8.0000,  839.0000, 186.0000, 9.0000,  0, 0, 240
L 829.0000, 153.0000, 4.0000,  829.0000, 172.0000, 8.0000,  0, 0, 240
L 830.0000, 138.0000, 4.0000,  829.0000, 153.0000, 4.0000,  0, 0, 240
L 818.0000, 105.0000, 10.0000,  830.0000, 138.0000, 4.0000,  0, 0, 240
L 821.0000, 94.0000, 8.0000,  818.0000, 105.0000, 10.0000,  0, 0, 240
L 837.0000, 84.0000, 7.0000,  821.0000, 94.0000, 8.0000,  0, 0, 240
L 900.0000, 76.0000, 8.0000,  837.0000, 84.0000, 7.0000,  0, 0, 240
L 930.0000, 64.0000, -11.0000,  900.0000, 76.0000, 8.0000,  0, 0, 240
L 983.0000, 101.0000, -6.0000,  930.0000, 64.0000, -11.0000,  0, 0, 240
L 986.0000, 109.0000, 4.0000,  983.0000, 101.0000, -6.0000,  0, 0, 240
L 992.0000, 156.0000, 8.0000,  986.0000, 109.0000, 4.0000,  0, 0, 240
L 1009.0000, 209.0000, 17.0000,  992.0000, 156.0000, 8.0000,  0, 0, 240
L 1019.0000, 224.0000, 15.0000,  1009.0000, 209.0000, 17.0000,  0, 0, 240
L 1021.0000, 308.0000, 12.0000,  1019.0000, 224.0000, 15.0000,  0, 0, 240
L 990.0000, 383.0000, 12.0000,  1021.0000, 308.0000, 12.0000,  0, 0, 240
L 945.0000, 403.0000, 10.0000,  990.0000, 383.0000, 12.0000,  0, 0, 240
L 886.0000, 387.0000, 5.0000,  945.0000, 403.0000, 10.0000,  0, 0, 240
L 875.0000, 371.0000, 5.0000,  886.0000, 387.0000, 5.0000,  0, 0, 240
L 743.0000, 430.0000, 6.0000,  745.0000, 436.0000, 8.0000,  0, 0, 240
L 711.0000, 407.0000, 6.0000,  743.0000, 430.0000, 6.0000,  0, 0, 240
L 662.0000, 352.0000, 4.0000,  711.0000, 407.0000, 6.0000,  0, 0, 240
L 643.0000, 289.0000, 6.0000,  662.0000, 352.0000, 4.0000,  0, 0, 240
L 628.0000, 287.0000, 4.0000,  643.0000, 289.0000, 6.0000,  0, 0, 240
L 612.0000, 274.0000, 0.0000,  628.0000, 287.0000, 4.0000,  0, 0, 240
L 591.0000, 252.0000, 4.0000,  612.0000, 274.0000, 0.0000,  0, 0, 240
L 534.0000, 217.0000, 5.0000,  591.0000, 252.0000, 4.0000,  0, 0, 240
L 308.0000, 183.0000, 8.0000,  534.0000, 217.0000, 5.0000,  0, 0, 240
L 131.0000, 41.0000, 8.0000,  308.0000, 183.0000, 8.0000,  0, 0, 240
L 115.0000, 33.0000, -1.0000,  131.0000, 41.0000, 8.0000,  0, 0, 240
L 104.0000, 29.0000, 4.0000,  115.0000, 33.0000, -1.0000,  0, 0, 240
L 76.0000, 20.0000, 3.0000,  104.0000, 29.0000, 4.0000,  0, 0, 240
L 72.0000, 19.0000, 7.0000,  76.0000, 20.0000, 3.0000,  0, 0, 240
L 19.0000, 19.0000, 0.0000,  72.0000, 19.0000, 7.0000,  0, 0, 240
L 0.0000, 22.0000, 4.0000,  19.0000, 19.0000, 0.0000,  0, 0, 240
L -57.0000, 19.0000, 5.0000,  0.0000, 22.0000, 4.0000,  0, 0, 240
L -261.0000, 85.0000, 8.0000,  -57.0000, 19.0000, 5.0000,  0, 0, 240
L -281.0000, 112.0000, 10.0000,  -261.0000, 85.0000, 8.0000,  0, 0, 240
L -286.0000, 123.0000, 3.0000,  -281.0000, 112.0000, 10.0000,  0, 0, 240
L -314.0000, 181.0000, 10.0000,  -286.0000, 123.0000, 3.0000,  0, 0, 240
L -367.0000, 327.0000, 4.0000,  -314.0000, 181.0000, 10.0000,  0, 0, 240
L -376.0000, 395.0000, 9.0000,  -367.0000, 327.0000, 4.0000,  0, 0, 240
L -402.0000, 572.0000, 2.0000,  -376.0000, 395.0000, 9.0000,  0, 0, 240
L -442.0000, 684.0000, 7.0000,  -402.0000, 572.0000, 2.0000,  0, 0, 240
L -434.0000, 818.0000, 7.0000,  -442.0000, 684.0000, 7.0000,  0, 0, 240
L -433.0000, 837.0000, 4.0000,  -434.0000, 818.0000, 7.0000,  0, 0, 240
L -433.0000, 861.0000, 7.0000,  -433.0000, 837.0000, 4.0000,  0, 0, 240
L -388.0000, 995.0000, 3.0000,  -433.0000, 861.0000, 7.0000,  0, 0, 240
L -402.0000, 1440.0000, 18.0000,  -388.0000, 995.0000, 3.0000,  0, 0, 240
L -424.0000, 1532.0000, 15.0000,  -402.0000, 1440.0000, 18.0000,  0, 0, 240
L -433.0000, 1565.0000, 5.0000,  -424.0000, 1532.0000, 15.0000,  0, 0, 240
L -454.0000, 1633.0000, 8.0000,  -433.0000, 1565.0000, 5.0000,  0, 0, 240
L -458.0000, 1699.0000, 4.0000,  -454.0000, 1633.0000, 8.0000,  0, 0, 240
L -413.0000, 1774.0000, 5.0000,  -458.0000, 1699.0000, 4.0000,  0, 0, 240
L -313.0000, 1850.0000, 5.0000,  -413.0000, 1774.0000, 5.0000,  0, 0, 240
L -295.0000, 1871.0000, 0.0000,  -313.0000, 1850.0000, 5.0000,  0, 0, 240
L -283.0000, 1885.0000, 10.0000,  -295.0000, 1871.0000, 0.0000,  0, 0, 240
L -260.0000, 1910.0000, 7.0000,  -283.0000, 1885.0000, 10.0000,  0, 0, 240
L -214.0000, 1939.0000, 5.0000,  -260.0000, 1910.0000, 7.0000,  0, 0, 240
L -165.0000, 1955.0000, 7.0000,  -214.0000, 1939.0000, 5.0000,  0, 0, 240
L -138.0000, 1959.0000, 1.0000,  -165.0000, 1955.0000, 7.0000,  0, 0, 240
L -21.0000, 1937.0000, 10.0000,  -138.0000, 1959.0000, 1.0000,  0, 0, 240
L -4.0000, 1935.0000, 4.0000,  -21.0000, 1937.0000, 10.0000,  0, 0, 240
L 32.0000, 1946.0000, 9.0000,  -4.0000, 1935.0000, 4.0000,  0, 0, 240
L -52.0000, 2014.0000, 5.0000,  -37.0000, 2015.0000, 6.0000,  0, 0, 240
L -79.0000, 2025.0000, 4.0000,  -52.0000, 2014.0000, 5.0000,  0, 0, 240
L -183.0000, 2034.0000, 2.0000,  -79.0000, 2025.0000, 4.0000,  0, 0, 240
L -291.0000, 1970.0000, 2.0000,  -183.0000, 2034.0000, 2.0000,  0, 0, 240
L -526.0000, 1737.0000, 5.0000,  -291.0000, 1970.0000, 2.0000,  0, 0, 240
L -534.0000, 1639.0000, 6.0000,  -526.0000, 1737.0000, 5.0000,  0, 0, 240
L -549.0000, 1426.0000, 10.0000,  -534.0000, 1639.0000, 6.0000,  0, 0, 240
L -540.0000, 1407.0000, 9.0000,  -549.0000, 1426.0000, 10.0000,  0, 0, 240
L -514.0000, 1229.0000, 3.0000,  -540.0000, 1407.0000, 9.0000,  0, 0, 240
L -454.0000, 1072.0000, 3.0000,  -514.0000, 1229.0000, 3.0000,  0, 0, 240
L -445.0000, 1020.0000, 5.0000,  -454.0000, 1072.0000, 3.0000,  0, 0, 240
L -479.0000, 940.0000, 5.0000,  -445.0000, 1020.0000, 5.0000,  0, 0, 240
L -498.0000, 683.0000, 6.0000,  -479.0000, 940.0000, 5.0000,  0, 0, 240
L -461.0000, 552.0000, 6.0000,  -498.0000, 683.0000, 6.0000,  0, 0, 240
L -476.0000, 395.0000, 4.0000,  -461.0000, 552.0000, 6.0000,  0, 0, 240
L -349.0000, 120.0000, 7.0000,  -476.0000, 395.0000, 4.0000,  0, 0, 240
L -326.0000, -19.0000, 13.0000,  -349.0000, 120.0000, 7.0000,  0, 0, 240
L -311.0000, -79.0000, 4.0000,  -326.0000, -19.0000, 13.0000,  0, 0, 240
L -251.0000, -176.0000, 6.0000,  -311.0000, -79.0000, 4.0000,  0, 0, 240
L -214.0000, -263.0000, 5.0000,  -251.0000, -176.0000, 6.0000,  0, 0, 240
L -208.0000, -1075.0000, 4.0000,  -214.0000, -263.0000, 5.0000,  0, 0, 240
L -195.0000, -1161.0000, 7.0000,  -208.0000, -1075.0000, 4.0000,  0, 0, 240
L -192.0000, -1319.0000, 5.0000,  -195.0000, -1161.0000, 7.0000,  0, 0, 240
L -191.0000, -1688.0000, 9.0000,  -192.0000, -1319.0000, 5.0000,  0, 0, 240
L -182.0000, -1727.0000, 9.0000,  -191.0000, -1688.0000, 9.0000,  0, 0, 240
L -122.0000, -1554.0000, 13.0000,  -141.0000, -1742.0000, 5.0000,  0, 0, 240
L -97.0000, -1471.0000, 3.0000,  -122.0000, -1554.0000, 13.0000,  0, 0, 240
L -108.0000, -1344.0000, 6.0000,  -97.0000, -1471.0000, 3.0000,  0, 0, 240
L -106.0000, -1291.0000, 9.0000,  -108.0000, -1344.0000, 6.0000,  0, 0, 0
L -81.0000, -1236.0000, 5.0000,  -106.0000, -1291.0000, 9.0000,  0, 0, 240
L -57.0000, -1073.0000, 9.0000,  -81.0000, -1236.0000, 5.0000,  0, 0, 240
L -76.0000, -966.0000, 5.0000,  -57.0000, -1073.0000, 9.0000,  0, 0, 240
L -83.0000, -942.0000, 13.0000,  -76.0000, -966.0000, 5.0000,  0, 0, 240
L -124.0000, -703.0000, 8.0000,  -83.0000, -942.0000, 13.0000,  0, 0, 240
L -129.0000, -675.0000, 15.0000,  -124.0000, -703.0000, 8.0000,  0, 0, 240
L -144.0000, -498.0000, 3.0000,  -129.0000, -675.0000, 15.0000,  0, 0, 240
L -132.0000, -282.0000, 10.0000,  -144.0000, -498.0000, 3.0000,  0, 0, 240
L -235.0000, -61.0000, 13.0000,  -132.0000, -282.0000, 10.0000,  0, 0, 240
L -241.0000, 19.0000, 4.0000,  -235.0000, -61.0000, 13.0000,  0, 0, 240
L -232.0000, 20.0000, 7.0000,  -241.0000, 19.0000, 4.0000,  0, 0, 240
L -91.0000, -43.0000, 6.0000,  -232.0000, 20.0000, 7.0000,  0, 0, 240
L 156.0000, -8.0000, 5.0000,  -91.0000, -43.0000, 6.0000,  0, 0, 240
L 310.0000, 117.0000, 4.0000,  156.0000, -8.0000, 5.0000,  0, 0, 240
L 544.0000, 153.0000, 9.0000,  310.0000, 117.0000, 4.0000,  0, 0, 240
L 616.0000, 133.0000, 5.0000,  544.0000, 153.0000, 9.0000,  0, 0, 240
L 668.0000, 57.0000, 4.0000,  616.0000, 133.0000, 5.0000,  0, 0, 240
L 703.0000, 4.0000, 4.0000,  668.0000, 57.0000, 4.0000,  0, 0, 240
L 767.0000, -43.0000, 3.0000,  703.0000, 4.0000, 4.0000,  0, 0, 240
L 1009.0000, -33.0000, 6.0000,  767.0000, -43.0000, 3.0000,  0, 0, 240
L 1127.0000, 41.0000, 4.0000,  1009.0000, -33.0000, 6.0000,  0, 0, 240
L 1170.0000, 344.0000, 6.0000,  1127.0000, 41.0000, 4.0000,  0, 0, 240
L 1144.0000, 397.0000, 8.0000,  1170.0000, 344.0000, 6.0000,  0, 0, 240
L 1022.0000, 500.0000, 5.0000,  1144.0000, 397.0000, 8.0000,  0, 0, 240
L 975.0000, 519.0000, 19.0000,  1022.0000, 500.0000, 5.0000,  0, 0, 240
L 816.0000, 491.0000, 9.0000,  975.0000, 519.0000, 19.0000,  0, 0, 240
L 744.0000, 438.0000, 8.0000,  816.0000, 491.0000, 9.0000,  0, 0, 240
L 154.0000, 401.0000, 233.0000,  171.0000, 414.0000, 229.0000,  0, 0, 0
L 153.0000, 402.0000, 233.0000,  154.0000, 401.0000, 233.0000,  0, 0, 0
L 141.0000, 392.0000, 230.0000,  153.0000, 402.0000, 233.0000,  0, 0, 0
L 141.0000, 387.0000, 230.0000,  141.0000, 392.0000, 230.0000,  0, 0, 0
L 149.0000, 391.0000, 233.0000,  141.0000, 387.0000, 230.0000,  0, 0, 0
L 194.0000, 445.0000, 228.0000,  149.0000, 391.0000, 233.0000,  0, 0, 0
L 244.0000, 639.0000, 195.0000,  194.0000, 445.0000, 228.0000,  0, 0, 0
L 244.0000, 642.0000, 197.0000,  244.0000, 639.0000, 195.0000,  0, 0, 0
L 242.0000, 641.0000, 196.0000,  244.0000, 642.0000, 197.0000,  0, 0, 0
L 244.0000, 656.0000, 186.0000,  242.0000, 641.0000, 196.0000,  0, 0, 0
L 258.0000, 739.0000, 204.0000,  244.0000, 656.0000, 186.0000,  0, 0, 0
L 253.0000, 927.0000, 201.0000,  258.0000, 739.0000, 204.0000,  0, 0, 0
L 226.0000, 968.0000, 207.0000,  253.0000, 927.0000, 201.0000,  0, 0, 0
L 145.0000, 983.0000, 209.0000,  226.0000, 968.0000, 207.0000,  0, 0, 0
L 137.0000, 984.0000, 204.0000,  145.0000, 983.0000, 209.0000,  0, 0, 0
L 60.0000, 988.0000, 197.0000,  137.0000, 984.0000, 204.0000,  0, 0, 0
L 39.0000, 973.0000, 215.0000,  60.0000, 988.0000, 197.0000,  0, 0, 0
L 15.0000, 954.0000, 209.0000,  39.0000, 973.0000, 215.0000,  0, 0, 0
L -39.0000, 897.0000, 213.0000,  15.0000, 954.0000, 209.0000,  0, 0, 0
L -156.0000, 822.0000, 207.0000,  -39.0000, 897.0000, 213.0000,  0, 0, 0
L -162.0000, 719.0000, 225.0000,  -156.0000, 822.0000, 207.0000,  0, 0, 0
L -137.0000, 602.0000, 225.0000,  -162.0000, 719.0000, 225.0000,  0, 0, 0
L -112.0000, 563.0000, 235.0000,  -137.0000, 602.0000, 225.0000,  0, 0, 0
L -99.0000, 549.0000, 228.0000,  -112.0000, 563.0000, 235.0000,  0, 0, 0
L -97.0000, 546.0000, 230.0000,  -99.0000, 549.0000, 228.0000,  0, 0, 0
L -96.0000, 546.0000, 228.0000,  -97.0000, 546.0000, 230.0000,  0, 0, 0
L -97.0000, 518.0000, 236.0000,  -96.0000, 546.0000, 228.0000,  0, 0, 0
L -104.0000, 470.0000, 228.0000,  -97.0000, 518.0000, 236.0000,  0, 0, 0
L -105.0000, 440.0000, 231.0000,  -104.0000, 470.0000, 228.0000,  0, 0, 0
L -91.0000, 338.0000, 235.0000,  -105.0000, 440.0000, 231.0000,  0, 0, 0
L -35.0000, 259.0000, 236.0000,  -91.0000, 338.0000, 235.0000,  0, 0, 0
L 31.0000, 250.0000, 220.0000,  -35.0000, 259.0000, 236.0000,  0, 0, 0
L 108.0000, 255.0000, 168.0000,  31.0000, 250.0000, 220.0000,  0, 0, 0
L 120.0000, 258.0000, 169.0000,  108.0000, 255.0000, 168.0000,  0, 0, 0
L 121.0000, 259.0000, 172.0000,  120.0000, 258.0000, 169.0000,  0, 0, 0
L 163.0000, 275.0000, 193.0000,  121.0000, 259.0000, 172.0000,  0, 0, 0
L 166.0000, 277.0000, 192.0000,  163.0000, 275.0000, 193.0000,  0, 0, 0
L 170.0000, 279.0000, 195.0000,  166.0000, 277.0000, 192.0000,  0, 0, 0
L 179.0000, 282.0000, 190.0000,  170.0000, 279.0000, 195.0000,  0, 0, 0
L 194.0000, 290.0000, 199.0000,  179.0000, 282.0000, 190.0000,  0, 0, 0
L 306.0000, 399.0000, 191.0000,  194.0000, 290.0000, 199.0000,  0, 0, 0
L 305.0000, 400.0000, 190.0000,  306.0000, 399.0000, 191.0000,  0, 0, 0
L 310.0000, 406.0000, 181.0000,  305.0000, 400.0000, 190.0000,  0, 0, 0
L 324.0000, 426.0000, 176.0000,  310.0000, 406.0000, 181.0000,  0, 0, 0
L 346.0000, 471.0000, 177.0000,  324.0000, 426.0000, 176.0000,  0, 0, 0
L 349.0000, 477.0000, 175.0000,  346.0000, 471.0000, 177.0000,  0, 0, 0
L 352.0000, 485.0000, 184.0000,  349.0000, 477.0000, 175.0000,  0, 0, 0
L 363.0000, 519.0000, 187.0000,  352.0000, 485.0000, 184.0000,  0, 0, 0
L 363.0000, 526.0000, 179.0000,  363.0000, 519.0000, 187.0000,  0, 0, 0
L 350.0000, 578.0000, 179.0000,  363.0000, 526.0000, 179.0000,  0, 0, 0
L 350.0000, 595.0000, 169.0000,  350.0000, 578.0000, 179.0000,  0, 0, 0
L 393.0000, 826.0000, 162.0000,  350.0000, 595.0000, 169.0000,  0, 0, 0
L 382.0000, 941.0000, 168.0000,  393.0000, 826.0000, 162.0000,  0, 0, 0
L 368.0000, 961.0000, 169.0000,  382.0000, 941.0000, 168.0000,  0, 0, 0
L 361.0000, 979.0000, 169.0000,  368.0000, 961.0000, 169.0000,  0, 0, 0
L 259.0000, 1137.0000, 153.0000,  361.0000, 979.0000, 169.0000,  0, 0, 0
L 226.0000, 1176.0000, 138.0000,  259.0000, 1137.0000, 153.0000,  0, 0, 0
L 144.0000, 1243.0000, 101.0000,  226.0000, 1176.0000, 138.0000,  0, 0, 0
L 120.0000, 1265.0000, 99.0000,  144.0000, 1243.0000, 101.0000,  0, 0, 0
L 75.0000, 1302.0000, 72.0000,  120.0000, 1265.0000, 99.0000,  0, 0, 0
L 53.0000, 1313.0000, 40.0000,  75.0000, 1302.0000, 72.0000,  0, 0, 0
L 28.0000, 1314.0000, 24.0000,  53.0000, 1313.0000, 40.0000,  0, 0, 0
L 4.0000, 1296.0000, 18.0000,  28.0000, 1314.0000, 24.0000,  0, 0, 0
L 25.0000, 1275.0000, 50.0000,  4.0000, 1296.0000, 18.0000,  0, 0, 0
L 31.0000, 1280.0000, 62.0000,  25.0000, 1275.0000, 50.0000,  0, 0, 0
L 52.0000, 1282.0000, 75.0000,  31.0000, 1280.0000, 62.0000,  0, 0, 0
L 58.0000, 1288.0000, 77.0000,  52.0000, 1282.0000, 75.0000,  0, 0, 0
L 72.0000, 1281.0000, 79.0000,  58.0000, 1288.0000, 77.0000,  0, 0, 0
L 86.0000, 1280.0000, 80.0000,  72.0000, 1281.0000, 79.0000,  0, 0, 0
L 81.0000, 1281.0000, 80.0000,  86.0000, 1280.0000, 80.0000,  0, 0, 0
L 80.0000, 1270.0000, 78.0000,  81.0000, 1281.0000, 80.0000,  0, 0, 0
L 88.0000, 1258.0000, 83.0000,  80.0000, 1270.0000, 78.0000,  0, 0, 0
L 94.0000, 1252.0000, 76.0000,  88.0000, 1258.0000, 83.0000,  0, 0, 0
L 96.0000, 1251.0000, 79.0000,  94.0000, 1252.0000, 76.0000,  0, 0, 0
L 145.0000, 1224.0000, 104.0000,  96.0000, 1251.0000, 79.0000,  0, 0, 0
L 153.0000, 1219.0000, 102.0000,  145.0000, 1224.0000, 104.0000,  0, 0, 0
L 190.0000, 1193.0000, 110.0000,  153.0000, 1219.0000, 102.0000,  0, 0, 0
L 200.0000, 1185.0000, 121.0000,  190.0000, 1193.0000, 110.0000,  0, 0, 0
L 218.0000, 1167.0000, 126.0000,  200.0000, 1185.0000, 121.0000,  0, 0, 0
L 271.0000, 1104.0000, 162.0000,  218.0000, 1167.0000, 126.0000,  0, 0, 0
L 359.0000, 964.0000, 166.0000,  271.0000, 1104.0000, 162.0000,  0, 0, 0
L 367.0000, 945.0000, 153.0000,  359.0000, 964.0000, 166.0000,  0, 0, 0
L 372.0000, 928.0000, 161.0000,  367.0000, 945.0000, 153.0000,  0, 0, 0
L 376.0000, 907.0000, 157.0000,  372.0000, 928.0000, 161.0000,  0, 0, 0
L 374.0000, 808.0000, 161.0000,  376.0000, 907.0000, 157.0000,  0, 0, 0
L 374.0000, 768.0000, 168.0000,  374.0000, 808.0000, 161.0000,  0, 0, 0
L 375.0000, 761.0000, 167.0000,  374.0000, 768.0000, 168.0000,  0, 0, 0
L 346.0000, 595.0000, 169.0000,  375.0000, 761.0000, 167.0000,  0, 0, 0
L 346.0000, 589.0000, 178.0000,  346.0000, 595.0000, 169.0000,  0, 0, 0
L 352.0000, 538.0000, 171.0000,  346.0000, 589.0000, 178.0000,  0, 0, 0
L 344.0000, 505.0000, 184.0000,  352.0000, 538.0000, 171.0000,  0, 0, 0
L 341.0000, 495.0000, 180.0000,  344.0000, 505.0000, 184.0000,  0, 0, 0
L 318.0000, 450.0000, 196.0000,  341.0000, 495.0000, 180.0000,  0, 0, 0
L 320.0000, 449.0000, 196.0000,  318.0000, 450.0000, 196.0000,  0, 0, 0
L 307.0000, 421.0000, 196.0000,  320.0000, 449.0000, 196.0000,  0, 0, 0
L 233.0000, 343.0000, 199.0000,  307.0000, 421.0000, 196.0000,  0, 0, 0
L 228.0000, 337.0000, 196.0000,  233.0000, 343.0000, 199.0000,  0, 0, 0
L 221.0000, 330.0000, 199.0000,  228.0000, 337.0000, 196.0000,  0, 0, 0
L 176.0000, 299.0000, 195.0000,  221.0000, 330.0000, 199.0000,  0, 0, 0
L 110.0000, 275.0000, 199.0000,  176.0000, 299.0000, 195.0000,  0, 0, 0
L 72.0000, 277.0000, 218.0000,  110.0000, 275.0000, 199.0000,  0, 0, 0
L 63.0000, 276.0000, 215.0000,  72.0000, 277.0000, 218.0000,  0, 0, 0
L 45.0000, 270.0000, 228.0000,  63.0000, 276.0000, 215.0000,  0, 0, 0
L 15.0000, 265.0000, 229.0000,  45.0000, 270.0000, 228.0000,  0, 0, 0
L 3.0000, 266.0000, 223.0000,  15.0000, 265.0000, 229.0000,  0, 0, 0
L -11.0000, 265.0000, 232.0000,  3.0000, 266.0000, 223.0000,  0, 0, 0
L -39.0000, 284.0000, 209.0000,  -11.0000, 265.0000, 232.0000,  0, 0, 0
L -45.0000, 289.0000, 210.0000,  -39.0000, 284.0000, 209.0000,  0, 0, 0
L -48.0000, 291.0000, 208.0000,  -45.0000, 289.0000, 210.0000,  0, 0, 0
L -53.0000, 297.0000, 208.0000,  -48.0000, 291.0000, 208.0000,  0, 0, 0
L -58.0000, 303.0000, 203.0000,  -53.0000, 297.0000, 208.0000,  0, 0, 0
L -74.0000, 328.0000, 224.0000,  -58.0000, 303.0000, 203.0000,  0, 0, 0
L -83.0000, 346.0000, 216.0000,  -74.0000, 328.0000, 224.0000,  0, 0, 0
L -87.0000, 357.0000, 225.0000,  -83.0000, 346.0000, 216.0000,  0, 0, 0
L -89.0000, 386.0000, 218.0000,  -87.0000, 357.0000, 225.0000,  0, 0, 0
L -90.0000, 404.0000, 224.0000,  -89.0000, 386.0000, 218.0000,  0, 0, 0
L -86.0000, 425.0000, 220.0000,  -90.0000, 404.0000, 224.0000,  0, 0, 0
L -87.0000, 437.0000, 231.0000,  -86.0000, 425.0000, 220.0000,  0, 0, 0
L -82.0000, 502.0000, 221.0000,  -87.0000, 437.0000, 231.0000,  0, 0, 0
L -84.0000, 506.0000, 217.0000,  -82.0000, 502.0000, 221.0000,  0, 0, 0
L -108.0000, 562.0000, 233.0000,  -84.0000, 506.0000, 217.0000,  0, 0, 0
L -119.0000, 574.0000, 232.0000,  -108.0000, 562.0000, 233.0000,  0, 0, 0
L -129.0000, 589.0000, 222.0000,  -119.0000, 574.0000, 232.0000,  0, 0, 0
L -147.0000, 653.0000, 213.0000,  -129.0000, 589.0000, 222.0000,  0, 0, 0
L -147.0000, 658.0000, 217.0000,  -147.0000, 653.0000, 213.0000,  0, 0, 0
L -149.0000, 658.0000, 217.0000,  -147.0000, 658.0000, 217.0000,  0, 0, 0
L -156.0000, 697.0000, 228.0000,  -149.0000, 658.0000, 217.0000,  0, 0, 0
L -162.0000, 770.0000, 210.0000,  -156.0000, 697.0000, 228.0000,  0, 0, 0
L -163.0000, 770.0000, 210.0000,  -162.0000, 770.0000, 210.0000,  0, 0, 0
L -158.0000, 791.0000, 209.0000,  -163.0000, 770.0000, 210.0000,  0, 0, 0
L 1.0000, 931.0000, 206.0000,  -158.0000, 791.0000, 209.0000,  0, 0, 0
L 54.0000, 960.0000, 218.0000,  1.0000, 931.0000, 206.0000,  0, 0, 0
L 61.0000, 964.0000, 214.0000,  54.0000, 960.0000, 218.0000,  0, 0, 0
L 193.0000, 968.0000, 204.0000,  61.0000, 964.0000, 214.0000,  0, 0, 0
L 243.0000, 912.0000, 195.0000,  193.0000, 968.0000, 204.0000,  0, 0, 0
L 244.0000, 794.0000, 209.0000,  243.0000, 912.0000, 195.0000,  0, 0, 0
L 212.0000, 503.0000, 223.0000,  244.0000, 794.0000, 209.0000,  0, 0, 0
L 214.0000, 502.0000, 223.0000,  212.0000, 503.0000, 223.0000,  0, 0, 0
L 201.0000, 475.0000, 221.0000,  214.0000, 502.0000, 223.0000,  0, 0, 0
L 192.0000, 461.0000, 225.0000,  201.0000, 475.0000, 221.0000,  0, 0, 0
L 193.0000, 460.0000, 225.0000,  192.0000, 461.0000, 225.0000,  0, 0, 0
L 168.0000, 413.0000, 230.0000,  193.0000, 460.0000, 225.0000,  0, 0, 0
L 179.0000, 338.0000, 170.0000,  179.0000, 337.0000, 170.0000,  0, 0, 0
L 321.0000, 840.0000, 119.0000,  303.0000, 612.0000, 138.0000,  127, 127, 127
L 276.0000, 999.0000, 119.0000,  321.0000, 840.0000, 119.0000,  127, 127, 127
L 169.0000, 1136.0000, 89.0000,  276.0000, 999.0000, 119.0000,  127, 127, 127
L 70.0000, 1198.0000, 69.0000,  169.0000, 1136.0000, 89.0000,  127, 127, 127
L -34.0000, 1180.0000, 52.0000,  70.0000, 1198.0000, 69.0000,  127, 127, 127
L -155.0000, 1223.0000, 31.0000,  -34.0000, 1180.0000, 52.0000,  127, 127, 127
L -268.0000, 1360.0000, 16.0000,  -155.0000, 1223.0000, 31.0000,  127, 127, 127
L 304.0000, 1331.0000, 37.0000,  530.0000, 956.0000, 21.0000,  127, 127, 127
L 166.0000, 1489.0000, 21.0000,  304.0000, 1331.0000, 37.0000,  127, 127, 127
L 178.0000, 1486.0000, 21.0000,  335.0000, 1639.0000, 8.0000,  127, 127, 127
L 19.0000, 1389.0000, 22.0000,  178.0000, 1486.0000, 21.0000,  127, 127, 127
L -253.0000, 1350.0000, 16.0000,  19.0000, 1389.0000, 22.0000,  127, 127, 127
L -380.0000, 1397.0000, 23.0000,  -253.0000, 1350.0000, 16.0000,  127, 127, 127
L -400.0000, 1427.0000, 19.0000,  -552.0000, 1424.0000, 11.0000,  0, 240, 240
L -558.0000, 1452.0000, 13.0000,  -399.0000, 1452.0000, 19.0000,  0, 240, 240
L -693.0000, 1717.0000, 20.0000,  -923.0000, 1763.0000, 19.0000,  127, 127, 127
L -589.0000, 1725.0000, 15.0000,  -693.0000, 1717.0000, 20.0000,  127, 127, 127
L -221.0000, 2058.0000, 13.0000,  -111.0000, 2056.0000, 9.0000,  127, 127, 127
L -409.0000, 1966.0000, 12.0000,  -221.0000, 2058.0000, 13.0000,  127, 127, 127
L -560.0000, 1782.0000, 11.0000,  -409.0000, 1966.0000, 12.0000,  127, 127, 127
L -600.0000, 1693.0000, 13.0000,  -560.0000, 1782.0000, 11.0000,  127, 127, 127
L -601.0000, 1290.0000, 22.0000,  -600.0000, 1693.0000, 13.0000,  127, 127, 127
L -595.0000, 564.0000, 27.0000,  -601.0000, 1290.0000, 22.0000,  127, 127, 127
L -525.0000, 137.0000, 19.0000,  -595.0000, 564.0000, 27.0000,  127, 127, 127
L -540.0000, 104.0000, 10.0000,  -525.0000, 137.0000, 19.0000,  127, 127, 127
L -743.0000, -261.0000, 7.0000,  -540.0000, 104.0000, 10.0000,  127, 127, 127
L -755.0000, -324.0000, 20.0000,  -743.0000, -261.0000, 7.0000,  127, 127, 127
L -733.0000, -413.0000, 43.0000,  -755.0000, -324.0000, 20.0000,  127, 127, 127
L -705.0000, -750.0000, 89.0000,  -733.0000, -413.0000, 43.0000,  127, 127, 127
L -739.0000, -896.0000, 92.0000,  -705.0000, -750.0000, 89.0000,  127, 127, 127
L -827.0000, -967.0000, 91.0000,  -739.0000, -896.0000, 92.0000,  127, 127, 127
L -821.0000, -1119.0000, 111.0000,  -827.0000, -967.0000, 91.0000,  127, 127, 127
L -809.0000, -1226.0000, 125.0000,  -821.0000, -1119.0000, 111.0000,  127, 127, 127
L -851.0000, -1338.0000, 152.0000,  -809.0000, -1226.0000, 125.0000,  127, 127, 127
L -837.0000, -1614.0000, 202.0000,  -851.0000, -1338.0000, 152.0000,  127, 127, 127
L -861.0000, -1689.0000, 233.0000,  -820.0000, -1756.0000, 260.0000,  127, 0, 0
L 1424.0000, -1729.0000, 152.0000,  1380.0000, -1761.0000, 156.0000,  0, 0, 0
L 1418.0000, -1719.0000, 129.0000,  1424.0000, -1729.0000, 152.0000,  0, 0, 0
L 1418.0000, -1686.0000, 76.0000,  1418.0000, -1719.0000, 129.0000,  0, 0, 0
L 1406.0000, -1669.0000, 71.0000,  1418.0000, -1686.0000, 76.0000,  0, 0, 0
L 1329.0000, -1674.0000, 150.0000,  1406.0000, -1669.0000, 71.0000,  0, 0, 0
L 1293.0000, -1676.0000, 142.0000,  1329.0000, -1674.0000, 150.0000,  0, 0, 0
L 1284.0000, -1651.0000, 174.0000,  1293.0000, -1676.0000, 142.0000,  0, 0, 0
L 1274.0000, -1624.0000, 191.0000,  1284.0000, -1651.0000, 174.0000,  0, 0, 0
L 1275.0000, -1612.0000, 199.0000,  1274.0000, -1624.0000, 191.0000,  0, 0, 0
L 1283.0000, -1582.0000, 201.0000,  1275.0000, -1612.0000, 199.0000,  0, 0, 0
L 1290.0000, -1536.0000, 185.0000,  1283.0000, -1582.0000, 201.0000,  0, 0, 0
L 1286.0000, -1497.0000, 212.0000,  1290.0000, -1536.0000, 185.0000,  0, 0, 0
L 1256.0000, -1438.0000, 217.0000,  1286.0000, -1497.0000, 212.0000,  0, 0, 0
L 1261.0000, -1368.0000, 248.0000,  1256.0000, -1438.0000, 217.0000,  0, 0, 0
L 1276.0000, -1272.0000, 195.0000,  1261.0000, -1368.0000, 248.0000,  0, 0, 0
L 1308.0000, -1159.0000, 188.0000,  1276.0000, -1272.0000, 195.0000,  0, 0, 0
L 1275.0000, -903.0000, 170.0000,  1308.0000, -1159.0000, 188.0000,  0, 0, 0
L 1202.0000, -498.0000, 138.0000,  1275.0000, -903.0000, 170.0000,  0, 0, 0
L 1167.0000, -389.0000, 222.0000,  1202.0000, -498.0000, 138.0000,  0, 0, 0
L 1159.0000, -357.0000, 226.0000,  1167.0000, -389.0000, 222.0000,  0, 0, 0
L 1144.0000, -316.0000, 197.0000,  1159.0000, -357.0000, 226.0000,  0, 0, 0
L 1143.0000, -296.0000, 187.0000,  1144.0000, -316.0000, 197.0000,  0, 0, 0
L 1270.0000, -97.0000, 145.0000,  1143.0000, -296.0000, 187.0000,  0, 0, 0
L 1239.0000, 601.0000, 155.0000,  1270.0000, -97.0000, 145.0000,  0, 0, 0
L 1161.0000, 778.0000, 215.0000,  1239.0000, 601.0000, 155.0000,  0, 0, 0
L 1151.0000, 792.0000, 207.0000,  1161.0000, 778.0000, 215.0000,  0, 0, 0
L 1147.0000, 806.0000, 197.0000,  1151.0000, 792.0000, 207.0000,  0, 0, 0
L 1176.0000, 875.0000, 174.0000,  1147.0000, 806.0000, 197.0000,  0, 0, 0
L 1219.0000, 940.0000, 116.0000,  1176.0000, 875.0000, 174.0000,  0, 0, 0
L 1238.0000, 963.0000, 108.0000,  1219.0000, 940.0000, 116.0000,  0, 0, 0
L 1242.0000, 1016.0000, 78.0000,  1238.0000, 963.0000, 108.0000,  0, 0, 0
L 1296.0000, 1088.0000, 72.0000,  1242.0000, 1016.0000, 78.0000,  0, 0, 0
L 1332.0000, 1198.0000, 76.0000,  1296.0000, 1088.0000, 72.0000,  0, 0, 0
L 1337.0000, 1233.0000, 66.0000,  1332.0000, 1198.0000, 76.0000,  0, 0, 0
L 1330.0000, 1388.0000, 84.0000,  1337.0000, 1233.0000, 66.0000,  0, 0, 0
L 1330.0000, 1465.0000, 61.0000,  1330.0000, 1388.0000, 84.0000,  0, 0, 0
L 1292.0000, 1536.0000, 59.0000,  1330.0000, 1465.0000, 61.0000,  0, 0, 0
L 1254.0000, 1561.0000, 57.0000,  1292.0000, 1536.0000, 59.0000,  0, 0, 0
L 1231.0000, 1606.0000, 68.0000,  1254.0000, 1561.0000, 57.0000,  0, 0, 0
L 1215.0000, 1643.0000, 65.0000,  1231.0000, 1606.0000, 68.0000,  0, 0, 0
L 1192.0000, 1667.0000, 56.0000,  1215.0000, 1643.0000, 65.0000,  0, 0, 0
L 1139.0000, 1711.0000, 57.0000,  1192.0000, 1667.0000, 56.0000,  0, 0, 0
L 1088.0000, 1740.0000, 53.0000,  1139.0000, 1711.0000, 57.0000,  0, 0, 0
L 1023.0000, 1801.0000, 60.0000,  1088.0000, 1740.0000, 53.0000,  0, 0, 0
L 972.0000, 1826.0000, 62.0000,  1023.0000, 1801.0000, 60.0000,  0, 0, 0
L 936.0000, 1830.0000, 59.0000,  972.0000, 1826.0000, 62.0000,  0, 0, 0
L 887.0000, 1820.0000, 58.0000,  936.0000, 1830.0000, 59.0000,  0, 0, 0
L 837.0000, 1822.0000, 86.0000,  887.0000, 1820.0000, 58.0000,  0, 0, 0
L 812.0000, 1826.0000, 91.0000,  837.0000, 1822.0000, 86.0000,  0, 0, 0
L 771.0000, 1841.0000, 74.0000,  812.0000, 1826.0000, 91.0000,  0, 0, 0
L 745.0000, 1870.0000, 80.0000,  771.0000, 1841.0000, 74.0000,  0, 0, 0
L 707.0000, 1887.0000, 82.0000,  745.0000, 1870.0000, 80.0000,  0, 0, 0
L 681.0000, 1899.0000, 97.0000,  707.0000, 1887.0000, 82.0000,  0, 0, 0
L 565.0000, 1909.0000, 105.0000,  681.0000, 1899.0000, 97.0000,  0, 0, 0
L 505.0000, 1882.0000, 95.0000,  565.0000, 1909.0000, 105.0000,  0, 0, 0
L 478.0000, 1884.0000, 106.0000,  505.0000, 1882.0000, 95.0000,  0, 0, 0
L 447.0000, 1894.0000, 98.0000,  478.0000, 1884.0000, 106.0000,  0, 0, 0
L 413.0000, 1932.0000, 105.0000,  447.0000, 1894.0000, 98.0000,  0, 0, 0
L 295.0000, 1790.0000, 86.0000,  413.0000, 1932.0000, 105.0000,  0, 0, 0
L 268.0000, 1786.0000, 75.0000,  295.0000, 1790.0000, 86.0000,  0, 0, 0
L 234.0000, 1811.0000, 65.0000,  268.0000, 1786.0000, 75.0000,  0, 0, 0
L 217.0000, 1839.0000, 40.0000,  234.0000, 1811.0000, 65.0000,  0, 0, 0
L 215.0000, 1875.0000, 27.0000,  217.0000, 1839.0000, 40.0000,  0, 0, 0
L 44.0000, 2100.0000, 19.0000,  295.0000, 1954.0000, 26.0000,  127, 0, 0
L 404.0000, 2130.0000, 42.0000,  404.0000, 2135.0000, 41.0000,  0, 0, 0
L 32.0000, 2133.0000, 86.0000,  28.0000, 2136.0000, 86.0000,  0, 0, 0
L 31.0000, 2105.0000, 51.0000,  32.0000, 2133.0000, 86.0000,  0, 0, 0
L 30.0000, 2103.0000, 52.0000,  31.0000, 2105.0000, 51.0000,  0, 0, 0
L 19.0000, 2092.0000, 31.0000,  30.0000, 2103.0000, 52.0000,  0, 0, 0
L -16.0000, 2080.0000, 25.0000,  19.0000, 2092.0000, 31.0000,  0, 0, 0
L -20.0000, 2082.0000, 28.0000,  -16.0000, 2080.0000, 25.0000,  0, 0, 0
L -145.0000, 2096.0000, 34.0000,  -20.0000, 2082.0000, 28.0000,  0, 0, 0
L -208.0000, 2094.0000, 27.0000,  -145.0000, 2096.0000, 34.0000,  0, 0, 0
L -337.0000, 2076.0000, 51.0000,  -208.0000, 2094.0000, 27.0000,  0, 0, 0
L -378.0000, 2073.0000, 52.0000,  -337.0000, 2076.0000, 51.0000,  0, 0, 0
L -470.0000, 2043.0000, 57.0000,  -378.0000, 2073.0000, 52.0000,  0, 0, 0
L -512.0000, 2016.0000, 48.0000,  -470.0000, 2043.0000, 57.0000,  0, 0, 0
L -592.0000, 1971.0000, 47.0000,  -512.0000, 2016.0000, 48.0000,  0, 0, 0
L -676.0000, 1953.0000, 58.0000,  -592.0000, 1971.0000, 47.0000,  0, 0, 0
L -715.0000, 1932.0000, 56.0000,  -676.0000, 1953.0000, 58.0000,  0, 0, 0
L -730.0000, 1923.0000, 48.0000,  -715.0000, 1932.0000, 56.0000,  0, 0, 0
L -790.0000, 1941.0000, 48.0000,  -730.0000, 1923.0000, 48.0000,  0, 0, 0
L -877.0000, 1954.0000, 45.0000,  -790.0000, 1941.0000, 48.0000,  0, 0, 0
L -906.0000, 1939.0000, 42.0000,  -877.0000, 1954.0000, 45.0000,  0, 0, 0
L -959.0000, 1942.0000, 55.0000,  -906.0000, 1939.0000, 42.0000,  0, 0, 0
L -988.0000, 1944.0000, 42.0000,  -959.0000, 1942.0000, 55.0000,  0, 0, 0
L -1037.0000, 1981.0000, 45.0000,  -988.0000, 1944.0000, 42.0000,  0, 0, 0
L -1118.0000, 1983.0000, 48.0000,  -1037.0000, 1981.0000, 45.0000,  0, 0, 0
L -1285.0000, 1927.0000, 70.0000,  -1118.0000, 1983.0000, 48.0000,  0, 0, 0
L -1294.0000, 1923.0000, 66.0000,  -1285.0000, 1927.0000, 70.0000,  0, 0, 0
L -1365.0000, 1912.0000, 62.0000,  -1294.0000, 1923.0000, 66.0000,  0, 0, 0
L -1416.0000, 1865.0000, 68.0000,  -1365.0000, 1912.0000, 62.0000,  0, 0, 0
L -1424.0000, 1858.0000, 56.0000,  -1416.0000, 1865.0000, 68.0000,  0, 0, 0
L -1432.0000, 1851.0000, 60.0000,  -1424.0000, 1858.0000, 56.0000,  0, 0, 0
L -1436.0000, 1848.0000, 53.0000,  -1432.0000, 1851.0000, 60.0000,  0, 0, 0
L -1458.0000, 1828.0000, 55.0000,  -1436.0000, 1848.0000, 53.0000,  0, 0, 0
L -1461.0000, 1823.0000, 51.0000,  -1458.0000, 1828.0000, 55.0000,  0, 0, 0
L -1467.0000, 1816.0000, 37.0000,  -1461.0000, 1823.0000, 51.0000,  0, 0, 0
L -1472.0000, 1802.0000, 41.0000,  -1467.0000, 1816.0000, 37.0000,  0, 0, 0
L -1466.0000, 1793.0000, 30.0000,  -1472.0000, 1802.0000, 41.0000,  0, 0, 0
L -1466.0000, 1791.0000, 30.0000,  -1466.0000, 1793.0000, 30.0000,  0, 0, 0
L -1456.0000, 1778.0000, 27.0000,  -1466.0000, 1791.0000, 30.0000,  0, 0, 0
L -1448.0000, 1750.0000, 27.0000,  -1456.0000, 1778.0000, 27.0000,  0, 0, 0
L -1456.0000, 1746.0000, 36.0000,  -1448.0000, 1750.0000, 27.0000,  0, 0, 0
L -1463.0000, 1745.0000, 37.0000,  -1456.0000, 1746.0000, 36.0000,  0, 0, 0
L -1471.0000, 1745.0000, 37.0000,  -1463.0000, 1745.0000, 37.0000,  182, 76, 69
L -1500.0000, 1731.0000, 29.0000,  -1471.0000, 1745.0000, 37.0000,  127, 127, 127
L -1527.0000, 1722.0000, 31.0000,  -1500.0000, 1731.0000, 29.0000,  0, 240, 240
L -1588.0000, 1770.0000, 30.0000,  -1527.0000, 1722.0000, 31.0000,  0, 240, 240
L -1677.0000, 1832.0000, -5.0000,  -1588.0000, 1770.0000, 30.0000,  0, 240, 240
L -1754.0000, 1903.0000, 3.0000,  -1677.0000, 1832.0000, -5.0000,  0, 240, 240
L -1752.0000, 1943.0000, 2.0000,  -1754.0000, 1903.0000, 3.0000,  0, 240, 240
L -1769.0000, 1968.0000, -5.0000,  -1752.0000, 1943.0000, 2.0000,  0, 240, 240
L -1877.0000, 1976.0000, -3.0000,  -1769.0000, 1968.0000, -5.0000,  0, 240, 240
L -1890.0000, 1981.0000, -6.0000,  -1877.0000, 1976.0000, -3.0000,  0, 240, 240
L -1897.0000, 1987.0000, -4.0000,  -1890.0000, 1981.0000, -6.0000,  0, 240, 240
L -1966.0000, 2033.0000, -35.0000,  -1897.0000, 1987.0000, -4.0000,  0, 240, 240
L -2056.0000, 2100.0000, -38.0000,  -1966.0000, 2033.0000, -35.0000,  0, 240, 240
L -2030.0000, 2148.0000, -36.0000,  -2056.0000, 2100.0000, -38.0000,  0, 240, 240
L -2061.0000, 2175.0000, -38.0000,  -2030.0000, 2148.0000, -36.0000,  0, 240, 240
L -2134.0000, 2189.0000, -40.0000,  -2061.0000, 2175.0000, -38.0000,  0, 240, 240
L -2162.0000, 2173.0000, -37.0000,  -2134.0000, 2189.0000, -40.0000,  0, 240, 240
L -2186.0000, 2117.0000, -35.0000,  -2162.0000, 2173.0000, -37.0000,  0, 240, 240
L -2175.0000, 2094.0000, -35.0000,  -2186.0000, 2117.0000, -35.0000,  0, 240, 240
L -2104.0000, 2047.0000, -38.0000,  -2175.0000, 2094.0000, -35.0000,  0, 240, 240
L -2081.0000, 2070.0000, -37.0000,  -2104.0000, 2047.0000, -38.0000,  0, 240, 240
L -2043.0000, 2056.0000, -38.0000,  -2081.0000, 2070.0000, -37.0000,  0, 240, 240
L -2015.0000, 2038.0000, -40.0000,  -2043.0000, 2056.0000, -38.0000,  0, 240, 240
L -1924.0000, 1979.0000, -9.0000,  -2015.0000, 2038.0000, -40.0000,  0, 240, 240
L -1883.0000, 1941.0000, -3.0000,  -1924.0000, 1979.0000, -9.0000,  0, 240, 240
L -1893.0000, 1913.0000, 0.0000,  -1883.0000, 1941.0000, -3.0000,  0, 240, 240
L -1868.0000, 1873.0000, 0.0000,  -1893.0000, 1913.0000, 0.0000,  0, 240, 240
L -1862.0000, 1874.0000, -5.0000,  -1868.0000, 1873.0000, 0.0000,  0, 240, 240
L -1824.0000, 1849.0000, -2.0000,  -1862.0000, 1874.0000, -5.0000,  0, 240, 240
L -1797.0000, 1862.0000, -1.0000,  -1824.0000, 1849.0000, -2.0000,  0, 240, 240
L -1788.0000, 1863.0000, -2.0000,  -1797.0000, 1862.0000, -1.0000,  0, 240, 240
L -1739.0000, 1844.0000, -3.0000,  -1788.0000, 1863.0000, -2.0000,  0, 240, 240
L -1702.0000, 1823.0000, -6.0000,  -1739.0000, 1844.0000, -3.0000,  0, 240, 240
L -1614.0000, 1765.0000, 26.0000,  -1702.0000, 1823.0000, -6.0000,  0, 240, 240
L -1550.0000, 1710.0000, 32.0000,  -1614.0000, 1765.0000, 26.0000,  0, 240, 240
L -1490.0000, 1696.0000, 38.0000,  -1550.0000, 1710.0000, 32.0000,  0, 240, 240
L -1456.0000, 1699.0000, 35.0000,  -1490.0000, 1696.0000, 38.0000,  182, 76, 69
L -1445.0000, 1700.0000, 30.0000,  -1460.0000, 1703.0000, 32.0000,  0, 0, 0
L -1432.0000, 1679.0000, 26.0000,  -1445.0000, 1700.0000, 30.0000,  0, 0, 0
L -1437.0000, 1664.0000, 29.0000,  -1432.0000, 1679.0000, 26.0000,  0, 0, 0
L -1446.0000, 1638.0000, 62.0000,  -1437.0000, 1664.0000, 29.0000,  0, 0, 0
L -1430.0000, 1589.0000, 57.0000,  -1446.0000, 1638.0000, 62.0000,  0, 0, 0
L -1387.0000, 1560.0000, 54.0000,  -1430.0000, 1589.0000, 57.0000,  0, 0, 0
L -1347.0000, 1529.0000, 69.0000,  -1387.0000, 1560.0000, 54.0000,  0, 0, 0
L -1342.0000, 1525.0000, 62.0000,  -1347.0000, 1529.0000, 69.0000,  0, 0, 0
L -1342.0000, 1504.0000, 69.0000,  -1342.0000, 1525.0000, 62.0000,  0, 0, 0
L -1342.0000, 1483.0000, 66.0000,  -1342.0000, 1504.0000, 69.0000,  0, 0, 0
L -1342.0000, 1482.0000, 62.0000,  -1342.0000, 1483.0000, 66.0000,  0, 0, 0
L -1333.0000, 1303.0000, 80.0000,  -1342.0000, 1482.0000, 62.0000,  0, 0, 0
L -1332.0000, 1280.0000, 90.0000,  -1333.0000, 1303.0000, 80.0000,  0, 0, 0
L -1320.0000, 1202.0000, 88.0000,  -1332.0000, 1280.0000, 90.0000,  0, 0, 0
L -1319.0000, 1196.0000, 97.0000,  -1320.0000, 1202.0000, 88.0000,  0, 0, 0
L -1316.0000, 1143.0000, 107.0000,  -1319.0000, 1196.0000, 97.0000,  0, 0, 0
L -1316.0000, 1141.0000, 106.0000,  -1316.0000, 1143.0000, 107.0000,  0, 0, 0
L -1327.0000, 1019.0000, 126.0000,  -1316.0000, 1141.0000, 106.0000,  0, 0, 0
L -1327.0000, 1012.0000, 115.0000,  -1327.0000, 1019.0000, 126.0000,  0, 0, 0
L -1328.0000, 1010.0000, 116.0000,  -1327.0000, 1012.0000, 115.0000,  0, 0, 0
L -1328.0000, 1007.0000, 112.0000,  -1328.0000, 1010.0000, 116.0000,  0, 0, 0
L -1356.0000, 919.0000, 104.0000,  -1328.0000, 1007.0000, 112.0000,  0, 0, 0
L -1365.0000, 899.0000, 109.0000,  -1356.0000, 919.0000, 104.0000,  0, 0, 0
L -1373.0000, 879.0000, 105.0000,  -1365.0000, 899.0000, 109.0000,  0, 0, 0
L -1378.0000, 872.0000, 106.0000,  -1373.0000, 879.0000, 105.0000,  0, 0, 0
L -1378.0000, 871.0000, 104.0000,  -1378.0000, 872.0000, 106.0000,  0, 0, 0
L -1383.0000, 865.0000, 107.0000,  -1378.0000, 871.0000, 104.0000,  0, 0, 0
L -1409.0000, 834.0000, 104.0000,  -1383.0000, 865.0000, 107.0000,  0, 0, 0
L -1434.0000, 776.0000, 106.0000,  -1409.0000, 834.0000, 104.0000,  0, 0, 0
L -1441.0000, 748.0000, 98.0000,  -1434.0000, 776.0000, 106.0000,  0, 0, 0
L -1445.0000, 739.0000, 103.0000,  -1441.0000, 748.0000, 98.0000,  0, 0, 0
L -1465.0000, 687.0000, 108.0000,  -1445.0000, 739.0000, 103.0000,  0, 0, 0
L -1466.0000, 685.0000, 106.0000,  -1465.0000, 687.0000, 108.0000,  0, 0, 0
L -1479.0000, 665.0000, 119.0000,  -1466.0000, 685.0000, 106.0000,  0, 0, 0
L -1488.0000, 654.0000, 114.0000,  -1479.0000, 665.0000, 119.0000,  0, 0, 0
L -1493.0000, 650.0000, 105.0000,  -1488.0000, 654.0000, 114.0000,  0, 0, 0
L -1495.0000, 648.0000, 107.0000,  -1493.0000, 650.0000, 105.0000,  0, 0, 0
L -1496.0000, 649.0000, 106.0000,  -1495.0000, 648.0000, 107.0000,  0, 0, 0
L -1503.0000, 642.0000, 99.0000,  -1496.0000, 649.0000, 106.0000,  0, 0, 0
L -1528.0000, 630.0000, 102.0000,  -1503.0000, 642.0000, 99.0000,  0, 0, 0
L -1529.0000, 627.0000, 99.0000,  -1528.0000, 630.0000, 102.0000,  0, 0, 0
L -1533.0000, 614.0000, 167.0000,  -1529.0000, 627.0000, 99.0000,  0, 0, 0
L -1528.0000, 591.0000, 169.0000,  -1533.0000, 614.0000, 167.0000,  0, 0, 0
L -1551.0000, 565.0000, 190.0000,  -1528.0000, 591.0000, 169.0000,  0, 0, 0
L -1559.0000, 555.0000, 234.0000,  -1551.0000, 565.0000, 190.0000,  0, 0, 0
L -1543.0000, 498.0000, 255.0000,  -1559.0000, 555.0000, 234.0000,  0, 0, 0
L -1544.0000, 500.0000, 253.0000,  -1543.0000, 498.0000, 255.0000,  0, 0, 0
L -1518.0000, 498.0000, 176.0000,  -1544.0000, 500.0000, 253.0000,  0, 0, 0
L -1510.0000, 493.0000, 178.0000,  -1518.0000, 498.0000, 176.0000,  0, 0, 0
L -1511.0000, 490.0000, 189.0000,  -1510.0000, 493.0000, 178.0000,  0, 0, 0
L -1508.0000, 485.0000, 189.0000,  -1511.0000, 490.0000, 189.0000,  0, 0, 0
L -1501.0000, 474.0000, 212.0000,  -1508.0000, 485.0000, 189.0000,  0, 0, 0
L -1504.0000, 472.0000, 211.0000,  -1501.0000, 474.0000, 212.0000,  0, 0, 0
L -1475.0000, 451.0000, 209.0000,  -1504.0000, 472.0000, 211.0000,  0, 0, 0
L -1451.0000, 435.0000, 248.0000,  -1475.0000, 451.0000, 209.0000,  0, 0, 0
L -1420.0000, 414.0000, 278.0000,  -1451.0000, 435.0000, 248.0000,  0, 0, 0
L -1395.0000, 397.0000, 274.0000,  -1420.0000, 414.0000, 278.0000,  0, 0, 0
L -1389.0000, 379.0000, 269.0000,  -1395.0000, 397.0000, 274.0000,  0, 0, 0
L -1348.0000, 231.0000, 298.0000,  -1389.0000, 379.0000, 269.0000,  0, 0, 0
L -1338.0000, 193.0000, 292.0000,  -1348.0000, 231.0000, 298.0000,  0, 0, 0
L -1351.0000, 141.0000, 301.0000,  -1338.0000, 193.0000, 292.0000,  0, 0, 0
L -1388.0000, 25.0000, 223.0000,  -1351.0000, 141.0000, 301.0000,  0, 0, 0
L -1395.0000, 6.0000, 219.0000,  -1388.0000, 25.0000, 223.0000,  0, 240, 240
L -1387.0000, -19.0000, 204.0000,  -1395.0000, 6.0000, 219.0000,  0, 240, 240
L -1392.0000, -4.0000, 213.0000,  -1387.0000, -19.0000, 204.0000,  0, 240, 240
L -1287.0000, 2.0000, 39.0000,  -1282.0000, 7.0000, 54.0000,  0, 0, 0
L -1306.0000, -21.0000, 30.0000,  -1287.0000, 2.0000, 39.0000,  0, 0, 0
L -1315.0000, -17.0000, 40.0000,  -1306.0000, -21.0000, 30.0000,  0, 0, 0
L -1352.0000, 13.0000, 37.0000,  -1315.0000, -17.0000, 40.0000,  232, 86, 79
L -1377.0000, 26.0000, 34.0000,  -1352.0000, 13.0000, 37.0000,  232, 86, 79
L -1386.0000, 30.0000, 37.0000,  -1377.0000, 26.0000, 34.0000,  232, 86, 79
L -1463.0000, 37.0000, 27.0000,  -1386.0000, 30.0000, 37.0000,  0, 240, 240
L -1485.0000, 35.0000, 31.0000,  -1463.0000, 37.0000, 27.0000,  0, 240, 240
L -1505.0000, 31.0000, 28.0000,  -1485.0000, 35.0000, 31.0000,  0, 240, 240
L -1606.0000, -47.0000, 10.0000,  -1505.0000, 31.0000, 28.0000,  0, 240, 240
L -1654.0000, -89.0000, 16.0000,  -1606.0000, -47.0000, 10.0000,  0, 240, 240
L -1667.0000, -91.0000, 15.0000,  -1654.0000, -89.0000, 16.0000,  0, 240, 240
L -1718.0000, -67.0000, 10.0000,  -1667.0000, -91.0000, 15.0000,  0, 240, 240
L -1751.0000, -26.0000, -10.0000,  -1718.0000, -67.0000, 10.0000,  0, 240, 240
L -1797.0000, -12.0000, -9.0000,  -1751.0000, -26.0000, -10.0000,  0, 240, 240
L -1839.0000, -25.0000, -4.0000,  -1797.0000, -12.0000, -9.0000,  0, 240, 240
L -1861.0000, -23.0000, -5.0000,  -1839.0000, -25.0000, -4.0000,  0, 240, 240
L -1901.0000, -10.0000, -5.0000,  -1861.0000, -23.0000, -5.0000,  0, 240, 240
L -1947.0000, -19.0000, -7.0000,  -1901.0000, -10.0000, -5.0000,  0, 240, 240
L -1976.0000, 21.0000, -2.0000,  -1947.0000, -19.0000, -7.0000,  0, 240, 240
L -1978.0000, 23.0000, -6.0000,  -1976.0000, 21.0000, -2.0000,  0, 240, 240
L -1987.0000, 29.0000, -6.0000,  -1978.0000, 23.0000, -6.0000,  0, 240, 240
L -2051.0000, -10.0000, -7.0000,  -1987.0000, 29.0000, -6.0000,  0, 240, 240
L -2085.0000, -60.0000, -9.0000,  -2051.0000, -10.0000, -7.0000,  0, 240, 240
L -2093.0000, -110.0000, 4.0000,  -2085.0000, -60.0000, -9.0000,  0, 240, 240
L -2069.0000, -136.0000, 9.0000,  -2093.0000, -110.0000, 4.0000,  0, 240, 240
L -2047.0000, -147.0000, -4.0000,  -2069.0000, -136.0000, 9.0000,  0, 240, 240
L -2014.0000, -147.0000, -3.0000,  -2047.0000, -147.0000, -4.0000,  0, 240, 240
L -1916.0000, -76.0000, -7.0000,  -2014.0000, -147.0000, -3.0000,  0, 240, 240
L -1937.0000, -37.0000, -8.0000,  -1916.0000, -76.0000, -7.0000,  0, 240, 240
L -1920.0000, -31.0000, -6.0000,  -1937.0000, -37.0000, -8.0000,  0, 240, 240
L -1863.0000, -44.0000, -3.0000,  -1920.0000, -31.0000, -6.0000,  0, 240, 240
L -1796.0000, -34.0000, -2.0000,  -1863.0000, -44.0000, -3.0000,  0, 240, 240
L -1781.0000, -36.0000, -5.0000,  -1796.0000, -34.0000, -2.0000,  0, 240, 240
L -1767.0000, -42.0000, -3.0000,  -1781.0000, -36.0000, -5.0000,  0, 240, 240
L -1741.0000, -71.0000, 10.0000,  -1767.0000, -42.0000, -3.0000,  0, 240, 240
L -1742.0000, -114.0000, 10.0000,  -1741.0000, -71.0000, 10.0000,  0, 240, 240
L -1738.0000, -124.0000, 14.0000,  -1742.0000, -114.0000, 10.0000,  0, 240, 240
L -1737.0000, -133.0000, 7.0000,  -1738.0000, -124.0000, 14.0000,  0, 240, 240
L -1742.0000, -172.0000, 4.0000,  -1737.0000, -133.0000, 7.0000,  0, 240, 240
L -1831.0000, -235.0000, -20.0000,  -1742.0000, -172.0000, 4.0000,  0, 240, 240
L -1889.0000, -285.0000, -19.0000,  -1831.0000, -235.0000, -20.0000,  0, 240, 240
L -1937.0000, -276.0000, -20.0000,  -1889.0000, -285.0000, -19.0000,  0, 240, 240
L -2031.0000, -359.0000, -23.0000,  -1937.0000, -276.0000, -20.0000,  0, 240, 240
L -2055.0000, -424.0000, -24.0000,  -2031.0000, -359.0000, -23.0000,  0, 240, 240
L -2056.0000, -430.0000, -27.0000,  -2055.0000, -424.0000, -24.0000,  0, 240, 240
L -2040.0000, -463.0000, -18.0000,  -2056.0000, -430.0000, -27.0000,  0, 240, 240
L -2027.0000, -482.0000, -22.0000,  -2040.0000, -463.0000, -18.0000,  0, 240, 240
L -1938.0000, -547.0000, -19.0000,  -2027.0000, -482.0000, -22.0000,  0, 240, 240
L -1912.0000, -541.0000, -23.0000,  -1938.0000, -547.0000, -19.0000,  0, 240, 240
L -1796.0000, -419.0000, -25.0000,  -1912.0000, -541.0000, -23.0000,  0, 240, 240
L -1793.0000, -403.0000, -26.0000,  -1796.0000, -419.0000, -25.0000,  0, 240, 240
L -1804.0000, -389.0000, -24.0000,  -1793.0000, -403.0000, -26.0000,  0, 240, 240
L -1782.0000, -342.0000, -26.0000,  -1804.0000, -389.0000, -24.0000,  0, 240, 240
L -1759.0000, -315.0000, -26.0000,  -1782.0000, -342.0000, -26.0000,  0, 240, 240
L -1692.0000, -224.0000, 7.0000,  -1759.0000, -315.0000, -26.0000,  0, 240, 240
L -1658.0000, -215.0000, 10.0000,  -1692.0000, -224.0000, 7.0000,  0, 240, 240
L -1639.0000, -206.0000, 11.0000,  -1658.0000, -215.0000, 10.0000,  0, 240, 240
L -1628.0000, -207.0000, 11.0000,  -1639.0000, -206.0000, 11.0000,  0, 240, 240
L -1612.0000, -204.0000, 10.0000,  -1628.0000, -207.0000, 11.0000,  0, 240, 240
L -1595.0000, -220.0000, 10.0000,  -1612.0000, -204.0000, 10.0000,  0, 240, 240
L -1592.0000, -230.0000, 10.0000,  -1595.0000, -220.0000, 10.0000,  0, 240, 240
L -1604.0000, -285.0000, -3.0000,  -1592.0000, -230.0000, 10.0000,  0, 240, 240
L -1605.0000, -329.0000, -20.0000,  -1604.0000, -285.0000, -3.0000,  0, 240, 240
L -1566.0000, -384.0000, -9.0000,  -1605.0000, -329.0000, -20.0000,  0, 240, 240
L -1530.0000, -415.0000, -7.0000,  -1566.0000, -384.0000, -9.0000,  0, 240, 240
L -1525.0000, -420.0000, -4.0000,  -1530.0000, -415.0000, -7.0000,  0, 240, 240
L -1526.0000, -421.0000, -4.0000,  -1525.0000, -420.0000, -4.0000,  0, 240, 240
L -1519.0000, -429.0000, -8.0000,  -1526.0000, -421.0000, -4.0000,  0, 240, 240
L -1522.0000, -459.0000, -8.0000,  -1519.0000, -429.0000, -8.0000,  0, 240, 240
L -1506.0000, -478.0000, -14.0000,  -1522.0000, -459.0000, -8.0000,  0, 240, 240
L -1457.0000, -491.0000, -17.0000,  -1506.0000, -478.0000, -14.0000,  0, 240, 240
L -1447.0000, -491.0000, -14.0000,  -1457.0000, -491.0000, -17.0000,  0, 240, 240
L -1435.0000, -491.0000, -15.0000,  -1447.0000, -491.0000, -14.0000,  0, 240, 240
L -1415.0000, -482.0000, -13.0000,  -1435.0000, -491.0000, -15.0000,  0, 240, 240
L -1390.0000, -442.0000, -7.0000,  -1415.0000, -482.0000, -13.0000,  0, 240, 240
L -1386.0000, -420.0000, -13.0000,  -1390.0000, -442.0000, -7.0000,  0, 240, 240
L -1403.0000, -382.0000, -12.0000,  -1386.0000, -420.0000, -13.0000,  0, 240, 240
L -1421.0000, -378.0000, -12.0000,  -1403.0000, -382.0000, -12.0000,  0, 240, 240
L -1422.0000, -376.0000, -9.0000,  -1421.0000, -378.0000, -12.0000,  0, 240, 240
L -1428.0000, -372.0000, -13.0000,  -1422.0000, -376.0000, -9.0000,  0, 240, 240
L -1465.0000, -356.0000, -10.0000,  -1428.0000, -372.0000, -13.0000,  0, 240, 240
L -1485.0000, -374.0000, -10.0000,  -1465.0000, -356.0000, -10.0000,  0, 240, 240
L -1541.0000, -363.0000, -14.0000,  -1485.0000, -374.0000, -10.0000,  0, 240, 240
L -1566.0000, -354.0000, -13.0000,  -1541.0000, -363.0000, -14.0000,  0, 240, 240
L -1584.0000, -322.0000, -12.0000,  -1566.0000, -354.0000, -13.0000,  0, 240, 240
L -1585.0000, -317.0000, -7.0000,  -1584.0000, -322.0000, -12.0000,  0, 240, 240
L -1576.0000, -271.0000, 10.0000,  -1585.0000, -317.0000, -7.0000,  0, 240, 240
L -1567.0000, -241.0000, 13.0000,  -1576.0000, -271.0000, 10.0000,  0, 240, 240
L -1611.0000, -168.0000, 13.0000,  -1567.0000, -241.0000, 13.0000,  0, 240, 240
L -1623.0000, -140.0000, 12.0000,  -1611.0000, -168.0000, 13.0000,  0, 240, 240
L -1620.0000, -127.0000, 11.0000,  -1623.0000, -140.0000, 12.0000,  0, 240, 240
L -1557.0000, -65.0000, 8.0000,  -1620.0000, -127.0000, 11.0000,  0, 240, 240
L -1521.0000, -28.0000, 22.0000,  -1557.0000, -65.0000, 8.0000,  0, 240, 240
L -1502.0000, -19.0000, 34.0000,  -1521.0000, -28.0000, 22.0000,  0, 240, 240
L -1482.0000, -9.0000, 31.0000,  -1502.0000, -19.0000, 34.0000,  0, 240, 240
L -1472.0000, -7.0000, 35.0000,  -1482.0000, -9.0000, 31.0000,  0, 240, 240
L -1442.0000, -5.0000, 30.0000,  -1472.0000, -7.0000, 35.0000,  0, 240, 240
L -1384.0000, -21.0000, 39.0000,  -1442.0000, -5.0000, 30.0000,  0, 240, 240
L -1381.0000, -22.0000, 42.0000,  -1384.0000, -21.0000, 39.0000,  0, 240, 240
L -1345.0000, -52.0000, 37.0000,  -1381.0000, -22.0000, 42.0000,  232, 86, 79
L -1344.0000, -61.0000, 30.0000,  -1345.0000, -52.0000, 37.0000,  232, 86, 79
L -1342.0000, -70.0000, 30.0000,  -1344.0000, -61.0000, 30.0000,  0, 0, 0
L -1348.0000, -83.0000, 45.0000,  -1342.0000, -70.0000, 30.0000,  0, 0, 0
L -1348.0000, -84.0000, 45.0000,  -1348.0000, -83.0000, 45.0000,  0, 0, 0
L -1350.0000, -84.0000, 47.0000,  -1348.0000, -84.0000, 45.0000,  0, 0, 0
L -1364.0000, -83.0000, 44.0000,  -1350.0000, -84.0000, 47.0000,  0, 0, 0
L -1374.0000, -93.0000, 67.0000,  -1364.0000, -83.0000, 44.0000,  0, 0, 0
L -1365.0000, -191.0000, 68.0000,  -1374.0000, -93.0000, 67.0000,  0, 0, 0
L -1353.0000, -228.0000, 73.0000,  -1365.0000, -191.0000, 68.0000,  0, 0, 0
L -1339.0000, -278.0000, 72.0000,  -1353.0000, -228.0000, 73.0000,  0, 0, 0
L -1316.0000, -384.0000, 93.0000,  -1339.0000, -278.0000, 72.0000,  0, 0, 0
L -1305.0000, -439.0000, 126.0000,  -1316.0000, -384.0000, 93.0000,  0, 0, 0
L -1310.0000, -474.0000, 129.0000,  -1305.0000, -439.0000, 126.0000,  0, 0, 0
L -1373.0000, -547.0000, 149.0000,  -1310.0000, -474.0000, 129.0000,  0, 0, 0
L -1451.0000, -601.0000, 161.0000,  -1373.0000, -547.0000, 149.0000,  0, 0, 0
L -1478.0000, -618.0000, 176.0000,  -1451.0000, -601.0000, 161.0000,  0, 0, 0
L -1480.0000, -628.0000, 173.0000,  -1478.0000, -618.0000, 176.0000,  0, 0, 0
L -1488.0000, -660.0000, 179.0000,  -1480.0000, -628.0000, 173.0000,  0, 0, 0
L -1462.0000, -712.0000, 170.0000,  -1488.0000, -660.0000, 179.0000,  0, 0, 0
L -1487.0000, -794.0000, 191.0000,  -1462.0000, -712.0000, 170.0000,  0, 0, 0
L -1511.0000, -814.0000, 195.0000,  -1487.0000, -794.0000, 191.0000,  0, 0, 0
L -1558.0000, -808.0000, 200.0000,  -1511.0000, -814.0000, 195.0000,  0, 0, 0
L -1617.0000, -782.0000, 195.0000,  -1558.0000, -808.0000, 200.0000,  0, 0, 0
L -1647.0000, -772.0000, 203.0000,  -1617.0000, -782.0000, 195.0000,  0, 0, 0
L -1694.0000, -766.0000, 187.0000,  -1647.0000, -772.0000, 203.0000,  0, 0, 0
L -1724.0000, -756.0000, 191.0000,  -1694.0000, -766.0000, 187.0000,  0, 0, 0
L -1739.0000, -797.0000, 165.0000,  -1724.0000, -756.0000, 191.0000,  0, 0, 0
L -1744.0000, -815.0000, 165.0000,  -1739.0000, -797.0000, 165.0000,  0, 0, 0
L -1749.0000, -830.0000, 152.0000,  -1744.0000, -815.0000, 165.0000,  0, 0, 0
L -1773.0000, -913.0000, 142.0000,  -1749.0000, -830.0000, 152.0000,  0, 0, 0
L -1791.0000, -955.0000, 124.0000,  -1773.0000, -913.0000, 142.0000,  0, 0, 0
L -1802.0000, -979.0000, 88.0000,  -1791.0000, -955.0000, 124.0000,  0, 0, 0
L -1859.0000, -979.0000, 49.0000,  -1802.0000, -979.0000, 88.0000,  0, 0, 0
L -1868.0000, -972.0000, 54.0000,  -1859.0000, -979.0000, 49.0000,  0, 0, 0
L -1879.0000, -968.0000, 39.0000,  -1868.0000, -972.0000, 54.0000,  0, 0, 0
L -1996.0000, -850.0000, 31.0000,  -1879.0000, -968.0000, 39.0000,  0, 0, 0
L -1996.0000, -801.0000, 38.0000,  -1996.0000, -850.0000, 31.0000,  0, 0, 0
L -1975.0000, -758.0000, 85.0000,  -1996.0000, -801.0000, 38.0000,  0, 0, 0
L -1977.0000, -679.0000, 104.0000,  -1975.0000, -758.0000, 85.0000,  0, 0, 0
L -2030.0000, -655.0000, 95.0000,  -1977.0000, -679.0000, 104.0000,  0, 0, 0
L -2086.0000, -609.0000, 110.0000,  -2030.0000, -655.0000, 95.0000,  0, 0, 0
L -2111.0000, -539.0000, 178.0000,  -2086.0000, -609.0000, 110.0000,  0, 0, 0
L -2117.0000, -520.0000, 187.0000,  -2111.0000, -539.0000, 178.0000,  0, 0, 0
L -2116.0000, -505.0000, 199.0000,  -2117.0000, -520.0000, 187.0000,  0, 0, 0
L -2113.0000, -466.0000, 201.0000,  -2116.0000, -505.0000, 199.0000,  0, 0, 0
L -2103.0000, -432.0000, 224.0000,  -2113.0000, -466.0000, 201.0000,  0, 0, 0
L -2095.0000, -402.0000, 212.0000,  -2103.0000, -432.0000, 224.0000,  0, 0, 0
L -2086.0000, -366.0000, 212.0000,  -2095.0000, -402.0000, 212.0000,  0, 0, 0
L -2081.0000, -341.0000, 204.0000,  -2086.0000, -366.0000, 212.0000,  0, 0, 0
L -2074.0000, -302.0000, 202.0000,  -2081.0000, -341.0000, 204.0000,  0, 0, 0
L -2107.0000, -145.0000, 219.0000,  -2074.0000, -302.0000, 202.0000,  0, 0, 0
L -2131.0000, -145.0000, 207.0000,  -2107.0000, -145.0000, 219.0000,  0, 0, 0
L -2151.0000, -131.0000, 203.0000,  -2131.0000, -145.0000, 207.0000,  0, 0, 0
L -2154.0000, -122.0000, 210.0000,  -2151.0000, -131.0000, 203.0000,  0, 0, 0
L -2146.0000, -80.0000, 138.0000,  -2154.0000, -122.0000, 210.0000,  0, 0, 0
L -2133.0000, -72.0000, 131.0000,  -2146.0000, -80.0000, 138.0000,  0, 0, 0
L -2135.0000, -65.0000, 126.0000,  -2133.0000, -72.0000, 131.0000,  0, 0, 0
L -2135.0000, -51.0000, 127.0000,  -2135.0000, -65.0000, 126.0000,  0, 0, 0
L -2128.0000, 38.0000, 91.0000,  -2135.0000, -51.0000, 127.0000,  0, 0, 0
L -2100.0000, 125.0000, 144.0000,  -2128.0000, 38.0000, 91.0000,  0, 0, 0
L -2121.0000, 191.0000, 145.0000,  -2100.0000, 125.0000, 144.0000,  0, 0, 0
L -2137.0000, 242.0000, 162.0000,  -2121.0000, 191.0000, 145.0000,  0, 0, 0
L -2139.0000, 242.0000, 161.0000,  -2137.0000, 242.0000, 162.0000,  0, 0, 0
L -2145.0000, 245.0000, 148.0000,  -2139.0000, 242.0000, 161.0000,  0, 0, 0
L -2146.0000, 247.0000, 148.0000,  -2145.0000, 245.0000, 148.0000,  0, 0, 0
L -2147.0000, 247.0000, 144.0000,  -2146.0000, 247.0000, 148.0000,  0, 0, 0
L -2221.0000, 285.0000, 94.0000,  -2147.0000, 247.0000, 144.0000,  0, 0, 0
L -2276.0000, 356.0000, 116.0000,  -2221.0000, 285.0000, 94.0000,  0, 0, 0
L -2288.0000, 372.0000, 110.0000,  -2276.0000, 356.0000, 116.0000,  0, 0, 0
L -2330.0000, 401.0000, 91.0000,  -2288.0000, 372.0000, 110.0000,  0, 0, 0
L -2354.0000, 398.0000, 68.0000,  -2330.0000, 401.0000, 91.0000,  0, 0, 0
L -2386.0000, 430.0000, -2.0000,  -2354.0000, 398.0000, 68.0000,  0, 0, 0
L -2386.0000, 551.0000, 40.0000,  -2386.0000, 430.0000, -2.0000,  0, 0, 0
L -2387.0000, 571.0000, 15.0000,  -2386.0000, 551.0000, 40.0000,  0, 0, 0
L -2380.0000, 610.0000, -4.0000,  -2387.0000, 571.0000, 15.0000,  0, 0, 0
L -2370.0000, 657.0000, -11.0000,  -2380.0000, 610.0000, -4.0000,  0, 0, 0
L -2368.0000, 667.0000, -18.0000,  -2370.0000, 657.0000, -11.0000,  0, 0, 0
L -2363.0000, 696.0000, -23.0000,  -2368.0000, 667.0000, -18.0000,  0, 0, 0
L -2360.0000, 709.0000, -21.0000,  -2363.0000, 696.0000, -23.0000,  0, 0, 0
L -2301.0000, 830.0000, -3.0000,  -2360.0000, 709.0000, -21.0000,  0, 0, 0
L -2206.0000, 926.0000, -45.0000,  -2301.0000, 830.0000, -3.0000,  0, 0, 0
L -2116.0000, 934.0000, -34.0000,  -2206.0000, 926.0000, -45.0000,  0, 0, 0
L -2063.0000, 923.0000, 16.0000,  -2116.0000, 934.0000, -34.0000,  0, 0, 0
L -2034.0000, 917.0000, 15.0000,  -2063.0000, 923.0000, 16.0000,  0, 0, 0
L -2013.0000, 912.0000, 1.0000,  -2034.0000, 917.0000, 15.0000,  0, 0, 0
L -1900.0000, 863.0000, 15.0000,  -2013.0000, 912.0000, 1.0000,  0, 0, 0
L -1898.0000, 863.0000, 17.0000,  -1900.0000, 863.0000, 15.0000,  0, 0, 0
L -1897.0000, 863.0000, 16.0000,  -1898.0000, 863.0000, 17.0000,  0, 0, 0
L -1836.0000, 893.0000, 24.0000,  -1897.0000, 863.0000, 16.0000,  0, 0, 0
L -1818.0000, 918.0000, 14.0000,  -1836.0000, 893.0000, 24.0000,  0, 0, 0
L -1801.0000, 950.0000, 18.0000,  -1818.0000, 918.0000, 14.0000,  0, 0, 0
L -1797.0000, 996.0000, 46.0000,  -1801.0000, 950.0000, 18.0000,  0, 0, 0
L -1789.0000, 1107.0000, 16.0000,  -1797.0000, 996.0000, 46.0000,  0, 0, 0
L -1787.0000, 1184.0000, 32.0000,  -1789.0000, 1107.0000, 16.0000,  0, 0, 0
L -1807.0000, 1218.0000, -7.0000,  -1787.0000, 1184.0000, 32.0000,  0, 0, 0
L -1814.0000, 1229.0000, -11.0000,  -1807.0000, 1218.0000, -7.0000,  0, 0, 0
L -1821.0000, 1233.0000, -6.0000,  -1814.0000, 1229.0000, -11.0000,  0, 0, 0
L -1823.0000, 1238.0000, -13.0000,  -1821.0000, 1233.0000, -6.0000,  0, 0, 0
L -1829.0000, 1242.0000, -7.0000,  -1823.0000, 1238.0000, -13.0000,  0, 0, 0
L -1832.0000, 1246.0000, -17.0000,  -1829.0000, 1242.0000, -7.0000,  0, 0, 0
L -1879.0000, 1239.0000, -28.0000,  -1832.0000, 1246.0000, -17.0000,  0, 0, 0
L -1943.0000, 1259.0000, -27.0000,  -1879.0000, 1239.0000, -28.0000,  0, 0, 0
L -2118.0000, 1388.0000, -66.0000,  -1943.0000, 1259.0000, -27.0000,  0, 0, 0
L -2136.0000, 1480.0000, -51.0000,  -2118.0000, 1388.0000, -66.0000,  0, 0, 0
L -2129.0000, 1518.0000, -11.0000,  -2136.0000, 1480.0000, -51.0000,  0, 0, 0
L -2136.0000, 1576.0000, -9.0000,  -2129.0000, 1518.0000, -11.0000,  0, 0, 0
L -2139.0000, 1593.0000, 8.0000,  -2136.0000, 1576.0000, -9.0000,  0, 0, 0
L -2179.0000, 1619.0000, -15.0000,  -2139.0000, 1593.0000, 8.0000,  0, 0, 0
L -2204.0000, 1635.0000, 1.0000,  -2179.0000, 1619.0000, -15.0000,  0, 0, 0
L -2241.0000, 1640.0000, -19.0000,  -2204.0000, 1635.0000, 1.0000,  0, 0, 0
L -2278.0000, 1652.0000, -22.0000,  -2241.0000, 1640.0000, -19.0000,  0, 0, 0
L -2328.0000, 1697.0000, -12.0000,  -2278.0000, 1652.0000, -22.0000,  0, 0, 0
L -2384.0000, 1696.0000, -15.0000,  -2328.0000, 1697.0000, -12.0000,  0, 0, 0
L -2495.0000, 1671.0000, -40.0000,  -2384.0000, 1696.0000, -15.0000,  0, 0, 0
L -2911.0000, 1656.0000, -30.0000,  -2495.0000, 1671.0000, -40.0000,  0, 0, 0
L -3065.0000, 1620.0000, -39.0000,  -2911.0000, 1656.0000, -30.0000,  0, 0, 0
L -3157.0000, 1557.0000, -32.0000,  -3065.0000, 1620.0000, -39.0000,  0, 0, 0
L -3159.0000, 1551.0000, -35.0000,  -3157.0000, 1557.0000, -32.0000,  0, 0, 0
L -3170.0000, 1503.0000, -32.0000,  -3159.0000, 1551.0000, -35.0000,  0, 0, 0
L -3210.0000, 1342.0000, -54.0000,  -3170.0000, 1503.0000, -32.0000,  0, 0, 0
L -3215.0000, 1304.0000, -69.0000,  -3210.0000, 1342.0000, -54.0000,  0, 0, 0
L -3223.0000, 764.0000, -68.0000,  -3215.0000, 1304.0000, -69.0000,  0, 0, 0
L -3227.0000, 639.0000, -14.0000,  -3223.0000, 764.0000, -68.0000,  0, 0, 0
L -3228.0000, 618.0000, -23.0000,  -3227.0000, 639.0000, -14.0000,  0, 0, 0
L -3228.0000, 602.0000, -19.0000,  -3228.0000, 618.0000, -23.0000,  0, 0, 0
L -3229.0000, 586.0000, 6.0000,  -3228.0000, 602.0000, -19.0000,  0, 0, 0
L -3228.0000, 555.0000, 2.0000,  -3229.0000, 586.0000, 6.0000,  0, 0, 0
L -3224.0000, 544.0000, -29.0000,  -3228.0000, 555.0000, 2.0000,  0, 0, 0
L -3180.0000, 531.0000, -21.0000,  -3224.0000, 544.0000, -29.0000,  0, 0, 0
L -3145.0000, 521.0000, -55.0000,  -3180.0000, 531.0000, -21.0000,  0, 0, 0
L -3118.0000, 491.0000, -50.0000,  -3145.0000, 521.0000, -55.0000,  0, 0, 0
L -2962.0000, 466.0000, -78.0000,  -3118.0000, 491.0000, -50.0000,  0, 0, 0
L -2751.0000, 459.0000, -68.0000,  -2962.0000, 466.0000, -78.0000,  0, 0, 0
L -2740.0000, 447.0000, -49.0000,  -2751.0000, 459.0000, -68.0000,  0, 0, 0
L -2704.0000, 396.0000, -34.0000,  -2740.0000, 447.0000, -49.0000,  0, 0, 0
L -2683.0000, 311.0000, 26.0000,  -2704.0000, 396.0000, -34.0000,  0, 0, 0
L -2659.0000, 228.0000, 3.0000,  -2683.0000, 311.0000, 26.0000,  0, 0, 0
L -2650.0000, 209.0000, -17.0000,  -2659.0000, 228.0000, 3.0000,  0, 0, 0
L -2644.0000, 197.0000, -28.0000,  -2650.0000, 209.0000, -17.0000,  0, 0, 0
L -2641.0000, 188.0000, -22.0000,  -2644.0000, 197.0000, -28.0000,  0, 0, 0
L -2630.0000, 158.0000, -18.0000,  -2641.0000, 188.0000, -22.0000,  0, 0, 0
L -2638.0000, 75.0000, 10.0000,  -2630.0000, 158.0000, -18.0000,  0, 0, 0
L -2678.0000, 52.0000, 26.0000,  -2638.0000, 75.0000, 10.0000,  0, 0, 0
L -2704.0000, 38.0000, 24.0000,  -2678.0000, 52.0000, 26.0000,  0, 0, 0
L -2772.0000, 25.0000, 46.0000,  -2704.0000, 38.0000, 24.0000,  0, 0, 0
L -2801.0000, 20.0000, 39.0000,  -2772.0000, 25.0000, 46.0000,  0, 0, 0
L -2942.0000, 37.0000, 62.0000,  -2801.0000, 20.0000, 39.0000,  0, 0, 0
L -2973.0000, 41.0000, 98.0000,  -2942.0000, 37.0000, 62.0000,  0, 0, 0
L -2983.0000, 36.0000, 100.0000,  -2973.0000, 41.0000, 98.0000,  0, 0, 0
L -2998.0000, 26.0000, 91.0000,  -2983.0000, 36.0000, 100.0000,  0, 0, 0
L -3024.0000, 13.0000, 99.0000,  -2998.0000, 26.0000, 91.0000,  0, 0, 0
L -3048.0000, 0.0000, 108.0000,  -3024.0000, 13.0000, 99.0000,  0, 0, 0
L -3138.0000, -30.0000, 207.0000,  -3048.0000, 0.0000, 108.0000,  0, 0, 0
L -3233.0000, -29.0000, 200.0000,  -3138.0000, -30.0000, 207.0000,  0, 0, 0
L -3267.0000, -57.0000, 204.0000,  -3233.0000, -29.0000, 200.0000,  0, 0, 0
L -3299.0000, -206.0000, 203.0000,  -3267.0000, -57.0000, 204.0000,  0, 0, 0
L -3300.0000, -211.0000, 201.0000,  -3299.0000, -206.0000, 203.0000,  0, 0, 0
L -3258.0000, -345.0000, 205.0000,  -3300.0000, -211.0000, 201.0000,  0, 0, 0
L -3327.0000, -487.0000, 194.0000,  -3258.0000, -345.0000, 205.0000,  0, 0, 0
L -3342.0000, -517.0000, 184.0000,  -3327.0000, -487.0000, 194.0000,  0, 0, 0
L -3382.0000, -542.0000, 217.0000,  -3342.0000, -517.0000, 184.0000,  0, 0, 0
L -3399.0000, -558.0000, 209.0000,  -3382.0000, -542.0000, 217.0000,  0, 0, 0
L -3402.0000, -560.0000, 212.0000,  -3399.0000, -558.0000, 209.0000,  0, 0, 0
L -3415.0000, -578.0000, 208.0000,  -3402.0000, -560.0000, 212.0000,  0, 0, 0
L -3421.0000, -587.0000, 190.0000,  -3415.0000, -578.0000, 208.0000,  0, 0, 0
L -3420.0000, -608.0000, 182.0000,  -3421.0000, -587.0000, 190.0000,  0, 0, 0
L -3420.0000, -653.0000, 193.0000,  -3420.0000, -608.0000, 182.0000,  0, 0, 0
L -3349.0000, -691.0000, 172.0000,  -3420.0000, -653.0000, 193.0000,  0, 0, 0
L -3323.0000, -705.0000, 154.0000,  -3349.0000, -691.0000, 172.0000,  0, 0, 0
L -3281.0000, -749.0000, 125.0000,  -3323.0000, -705.0000, 154.0000,  0, 0, 0
L -3271.0000, -760.0000, 108.0000,  -3281.0000, -749.0000, 125.0000,  0, 0, 0
L -3272.0000, -764.0000, 109.0000,  -3271.0000, -760.0000, 108.0000,  0, 0, 0
L -3260.0000, -822.0000, 33.0000,  -3272.0000, -764.0000, 109.0000,  0, 0, 0
L -3260.0000, -1137.0000, 21.0000,  -3260.0000, -822.0000, 33.0000,  0, 0, 0
L -3323.0000, -1154.0000, 125.0000,  -3260.0000, -1137.0000, 21.0000,  0, 0, 0
L -3388.0000, -1171.0000, 133.0000,  -3323.0000, -1154.0000, 125.0000,  0, 0, 0
L -3418.0000, -1179.0000, 161.0000,  -3388.0000, -1171.0000, 133.0000,  0, 0, 0
L -3425.0000, -1199.0000, 138.0000,  -3418.0000, -1179.0000, 161.0000,  0, 0, 0
L -3445.0000, -1216.0000, 161.0000,  -3425.0000, -1199.0000, 138.0000,  0, 0, 0
L -3467.0000, -1196.0000, 273.0000,  -3445.0000, -1216.0000, 161.0000,  0, 0, 0
L -3475.0000, -1201.0000, 280.0000,  -3467.0000, -1196.0000, 273.0000,  0, 0, 0
L -3497.0000, -1208.0000, 263.0000,  -3510.0000, -1306.0000, 253.0000,  127, 0, 0
L -3520.0000, -1279.0000, 280.0000,  -3523.0000, -1262.0000, 277.0000,  0, 0, 0
L -3519.0000, -1286.0000, 266.0000,  -3520.0000, -1279.0000, 280.0000,  0, 0, 0
L -3520.0000, -1289.0000, 265.0000,  -3519.0000, -1286.0000, 266.0000,  0, 0, 0
L -3520.0000, -1288.0000, 265.0000,  -3520.0000, -1289.0000, 265.0000,  0, 0, 0
L -3520.0000, -1295.0000, 266.0000,  -3520.0000, -1288.0000, 265.0000,  0, 0, 0
L -3512.0000, -1301.0000, 253.0000,  -3520.0000, -1295.0000, 266.0000,  0, 0, 0
L -3461.0000, -1436.0000, 244.0000,  -3512.0000, -1301.0000, 253.0000,  0, 0, 0
L -3402.0000, -1488.0000, 221.0000,  -3461.0000, -1436.0000, 244.0000,  0, 0, 0
L -3393.0000, -1496.0000, 228.0000,  -3402.0000, -1488.0000, 221.0000,  0, 0, 0
L -3317.0000, -1460.0000, 198.0000,  -3393.0000, -1496.0000, 228.0000,  0, 0, 0
L -3303.0000, -1391.0000, 125.0000,  -3317.0000, -1460.0000, 198.0000,  0, 0, 0
L -3164.0000, -1263.0000, 69.0000,  -3303.0000, -1391.0000, 125.0000,  0, 0, 0
L -3163.0000, -1261.0000, 70.0000,  -3164.0000, -1263.0000, 69.0000,  0, 0, 0
L -3161.0000, -1261.0000, 68.0000,  -3163.0000, -1261.0000, 70.0000,  0, 0, 0
L -3160.0000, -1259.0000, 68.0000,  -3161.0000, -1261.0000, 68.0000,  0, 0, 0
L -3150.0000, -1257.0000, 82.0000,  -3160.0000, -1259.0000, 68.0000,  0, 0, 0
L -3120.0000, -1252.0000, 80.0000,  -3150.0000, -1257.0000, 82.0000,  0, 0, 0
L -3115.0000, -1250.0000, 75.0000,  -3120.0000, -1252.0000, 80.0000,  0, 0, 0
L -3105.0000, -1247.0000, 55.0000,  -3115.0000, -1250.0000, 75.0000,  0, 0, 0
L -3102.0000, -1246.0000, 54.0000,  -3105.0000, -1247.0000, 55.0000,  0, 0, 0
L -3084.0000, -1246.0000, 34.0000,  -3102.0000, -1246.0000, 54.0000,  0, 0, 0
L -3060.0000, -1267.0000, 44.0000,  -3084.0000, -1246.0000, 34.0000,  0, 0, 0
L -3037.0000, -1287.0000, 26.0000,  -3060.0000, -1267.0000, 44.0000,  0, 0, 0
L -3037.0000, -1319.0000, 40.0000,  -3037.0000, -1287.0000, 26.0000,  0, 0, 0
L -3036.0000, -1367.0000, 92.0000,  -3037.0000, -1319.0000, 40.0000,  0, 0, 0
L -3036.0000, -1374.0000, 89.0000,  -3036.0000, -1367.0000, 92.0000,  0, 0, 0
L -3031.0000, -1391.0000, 57.0000,  -3036.0000, -1374.0000, 89.0000,  0, 0, 0
L -3033.0000, -1395.0000, 61.0000,  -3031.0000, -1391.0000, 57.0000,  0, 0, 0
L -3032.0000, -1403.0000, 44.0000,  -3033.0000, -1395.0000, 61.0000,  0, 0, 0
L -3027.0000, -1456.0000, 66.0000,  -3032.0000, -1403.0000, 44.0000,  0, 0, 0
L -3025.0000, -1458.0000, 65.0000,  -3027.0000, -1456.0000, 66.0000,  0, 0, 0
L -3014.0000, -1471.0000, 71.0000,  -3025.0000, -1458.0000, 65.0000,  0, 0, 0
L -3021.0000, -1496.0000, 60.0000,  -3014.0000, -1471.0000, 71.0000,  0, 0, 0
L -3101.0000, -1551.0000, 113.0000,  -3021.0000, -1496.0000, 60.0000,  0, 0, 0
L -3119.0000, -1574.0000, 80.0000,  -3101.0000, -1551.0000, 113.0000,  0, 0, 0
L -3145.0000, -1600.0000, 80.0000,  -3119.0000, -1574.0000, 80.0000,  0, 0, 0
L -3171.0000, -1630.0000, 115.0000,  -3145.0000, -1600.0000, 80.0000,  0, 0, 0
L -3166.0000, -1702.0000, 52.0000,  -3171.0000, -1630.0000, 115.0000,  0, 0, 0
L -3165.0000, -1707.0000, 53.0000,  -3166.0000, -1702.0000, 52.0000,  0, 0, 0
L -3164.0000, -1721.0000, 66.0000,  -3165.0000, -1707.0000, 53.0000,  0, 0, 0
L -3118.0000, -1767.0000, 45.0000,  -3164.0000, -1721.0000, 66.0000,  0, 0, 0
L -3117.0000, -1768.0000, 48.0000,  -3118.0000, -1767.0000, 45.0000,  0, 0, 0
L -2945.0000, -1793.0000, 108.0000,  -3117.0000, -1768.0000, 48.0000,  0, 0, 0
L -2912.0000, -1797.0000, 135.0000,  -2945.0000, -1793.0000, 108.0000,  0, 0, 0
L -2860.0000, -1834.0000, 117.0000,  -2912.0000, -1797.0000, 135.0000,  0, 0, 0
L -2856.0000, -1837.0000, 108.0000,  -2860.0000, -1834.0000, 117.0000,  0, 0, 0
L -2852.0000, -1840.0000, 107.0000,  -2856.0000, -1837.0000, 108.0000,  0, 0, 0
L -2845.0000, -1845.0000, 100.0000,  -2852.0000, -1840.0000, 107.0000,  0, 0, 0
L -2759.0000, -1848.0000, 74.0000,  -2845.0000, -1845.0000, 100.0000,  0, 0, 0
L -2739.0000, -1854.0000, 75.0000,  -2759.0000, -1848.0000, 74.0000,  0, 0, 0
L -2712.0000, -1861.0000, 50.0000,  -2739.0000, -1854.0000, 75.0000,  0, 0, 0
L -2690.0000, -1859.0000, 28.0000,  -2712.0000, -1861.0000, 50.0000,  0, 0, 0
L -2663.0000, -1859.0000, 18.0000,  -2690.0000, -1859.0000, 28.0000,  0, 0, 0
L -2620.0000, -1868.0000, 18.0000,  -2663.0000, -1859.0000, 18.0000,  0, 0, 0
L -2560.0000, -1887.0000, 83.0000,  -2620.0000, -1868.0000, 18.0000,  0, 0, 0
L -2501.0000, -1915.0000, 117.0000,  -2560.0000, -1887.0000, 83.0000,  0, 0, 0
L -2468.0000, -1938.0000, 171.0000,  -2501.0000, -1915.0000, 117.0000,  0, 0, 0
L -2422.0000, -1921.0000, 210.0000,  -2468.0000, -1938.0000, 171.0000,  0, 0, 0
L -2413.0000, -1917.0000, 206.0000,  -2422.0000, -1921.0000, 210.0000,  0, 0, 0
L -2391.0000, -1911.0000, 207.0000,  -2413.0000, -1917.0000, 206.0000,  0, 0, 0
L -2354.0000, -1907.0000, 196.0000,  -2391.0000, -1911.0000, 207.0000,  0, 0, 0
L -2228.0000, -1917.0000, 186.0000,  -2354.0000, -1907.0000, 196.0000,  0, 0, 0
L -2201.0000, -1919.0000, 167.0000,  -2228.0000, -1917.0000, 186.0000,  0, 0, 0
L -2145.0000, -1912.0000, 88.0000,  -2201.0000, -1919.0000, 167.0000,  0, 0, 0
L -2119.0000, -1912.0000, 69.0000,  -2145.0000, -1912.0000, 88.0000,  0, 0, 0
L -2100.0000, -1911.0000, 71.0000,  -2119.0000, -1912.0000, 69.0000,  0, 0, 0
L -2096.0000, -1911.0000, 75.0000,  -2100.0000, -1911.0000, 71.0000,  0, 0, 0
L -2096.0000, -1911.0000, 75.0000,  -2096.0000, -1911.0000, 75.0000,  0, 0, 0
L -1995.0000, -1892.0000, 88.0000,  -2096.0000, -1911.0000, 75.0000,  0, 0, 0
L -1883.0000, -1828.0000, 70.0000,  -1995.0000, -1892.0000, 88.0000,  0, 0, 0
L -1843.0000, -1795.0000, 92.0000,  -1883.0000, -1828.0000, 70.0000,  0, 0, 0
L -1835.0000, -1792.0000, 89.0000,  -1843.0000, -1795.0000, 92.0000,  0, 0, 0
L -1803.0000, -1787.0000, 103.0000,  -1835.0000, -1792.0000, 89.0000,  0, 0, 0
L -1793.0000, -1754.0000, 117.0000,  -1803.0000, -1787.0000, 103.0000,  0, 0, 0
L -1757.0000, -1656.0000, 100.0000,  -1793.0000, -1754.0000, 117.0000,  0, 0, 0
L -1745.0000, -1617.0000, 101.0000,  -1757.0000, -1656.0000, 100.0000,  0, 0, 0
L -1742.0000, -1560.0000, 137.0000,  -1745.0000, -1617.0000, 101.0000,  0, 0, 0
L -1741.0000, -1550.0000, 137.0000,  -1742.0000, -1560.0000, 137.0000,  0, 0, 0
L -1736.0000, -1463.0000, 90.0000,  -1741.0000, -1550.0000, 137.0000,  0, 0, 0
L -1714.0000, -1429.0000, 80.0000,  -1736.0000, -1463.0000, 90.0000,  0, 0, 0
L -1697.0000, -1404.0000, 85.0000,  -1714.0000, -1429.0000, 80.0000,  0, 0, 0
L -1666.0000, -1380.0000, 110.0000,  -1697.0000, -1404.0000, 85.0000,  0, 0, 0
L -1626.0000, -1378.0000, 173.0000,  -1666.0000, -1380.0000, 110.0000,  0, 0, 0
L -1624.0000, -1378.0000, 173.0000,  -1626.0000, -1378.0000, 173.0000,  0, 0, 0
L -1602.0000, -1330.0000, 166.0000,  -1624.0000, -1378.0000, 173.0000,  0, 0, 0
L -1583.0000, -1269.0000, 178.0000,  -1602.0000, -1330.0000, 166.0000,  0, 0, 0
L -1545.0000, -1216.0000, 191.0000,  -1583.0000, -1269.0000, 178.0000,  0, 0, 0
L -1482.0000, -1197.0000, 224.0000,  -1545.0000, -1216.0000, 191.0000,  0, 0, 0
L -1480.0000, -1197.0000, 228.0000,  -1482.0000, -1197.0000, 224.0000,  0, 0, 0
L -1470.0000, -1186.0000, 217.0000,  -1480.0000, -1197.0000, 228.0000,  0, 0, 0
L -1460.0000, -1168.0000, 195.0000,  -1470.0000, -1186.0000, 217.0000,  0, 0, 0
L -1457.0000, -1162.0000, 194.0000,  -1460.0000, -1168.0000, 195.0000,  0, 0, 0
L -1438.0000, -1148.0000, 207.0000,  -1457.0000, -1162.0000, 194.0000,  0, 0, 0
L -1427.0000, -1156.0000, 235.0000,  -1438.0000, -1148.0000, 207.0000,  0, 0, 0
L -1411.0000, -1167.0000, 243.0000,  -1427.0000, -1156.0000, 235.0000,  0, 0, 0
L -1397.0000, -1195.0000, 254.0000,  -1411.0000, -1167.0000, 243.0000,  0, 0, 0
L -1359.0000, -1238.0000, 263.0000,  -1397.0000, -1195.0000, 254.0000,  0, 0, 0
L -1323.0000, -1254.0000, 234.0000,  -1359.0000, -1238.0000, 263.0000,  0, 0, 0
L -1320.0000, -1254.0000, 234.0000,  -1323.0000, -1254.0000, 234.0000,  0, 0, 0
L -1310.0000, -1259.0000, 220.0000,  -1320.0000, -1254.0000, 234.0000,  0, 0, 0
L -1237.0000, -1281.0000, 204.0000,  -1310.0000, -1259.0000, 220.0000,  0, 0, 0
L -1201.0000, -1304.0000, 207.0000,  -1237.0000, -1281.0000, 204.0000,  0, 0, 0
L -1194.0000, -1310.0000, 201.0000,  -1201.0000, -1304.0000, 207.0000,  0, 0, 0
L -1187.0000, -1319.0000, 176.0000,  -1194.0000, -1310.0000, 201.0000,  0, 0, 0
L -1183.0000, -1326.0000, 175.0000,  -1187.0000, -1319.0000, 176.0000,  0, 0, 0
L -1166.0000, -1351.0000, 184.0000,  -1183.0000, -1326.0000, 175.0000,  0, 0, 0
L -1159.0000, -1361.0000, 199.0000,  -1166.0000, -1351.0000, 184.0000,  0, 0, 0
L -1142.0000, -1385.0000, 211.0000,  -1159.0000, -1361.0000, 199.0000,  0, 0, 0
L -1121.0000, -1414.0000, 201.0000,  -1142.0000, -1385.0000, 211.0000,  0, 0, 0
L -1130.0000, -1478.0000, 200.0000,  -1121.0000, -1414.0000, 201.0000,  0, 0, 0
L -1132.0000, -1489.0000, 211.0000,  -1130.0000, -1478.0000, 200.0000,  0, 0, 0
L -1133.0000, -1502.0000, 212.0000,  -1132.0000, -1489.0000, 211.0000,  0, 0, 0
L -1142.0000, -1559.0000, 243.0000,  -1133.0000, -1502.0000, 212.0000,  0, 0, 0
L -1145.0000, -1581.0000, 245.0000,  -1142.0000, -1559.0000, 243.0000,  0, 0, 0
L -1105.0000, -1628.0000, 219.0000,  -1145.0000, -1581.0000, 245.0000,  0, 0, 0
L -1085.0000, -1652.0000, 249.0000,  -1105.0000, -1628.0000, 219.0000,  0, 0, 0
L -954.0000, -1636.0000, 236.0000,  -1085.0000, -1652.0000, 249.0000,  0, 0, 0
L -923.0000, -1632.0000, 247.0000,  -954.0000, -1636.0000, 236.0000,  0, 0, 0
L -921.0000, -1626.0000, 246.0000,  -923.0000, -1632.0000, 247.0000,  0, 0, 0
L -915.0000, -1601.0000, 197.0000,  -921.0000, -1626.0000, 246.0000,  0, 0, 0
L -915.0000, -1593.0000, 196.0000,  -915.0000, -1601.0000, 197.0000,  0, 0, 0
L -909.0000, -1595.0000, 246.0000,  -913.0000, -1595.0000, 237.0000,  0, 0, 0
L -888.0000, -1610.0000, 256.0000,  -909.0000, -1595.0000, 246.0000,  0, 0, 0
L -884.0000, -1613.0000, 247.0000,  -888.0000, -1610.0000, 256.0000,  0, 0, 0
L -875.0000, -1619.0000, 243.0000,  -884.0000, -1613.0000, 247.0000,  0, 0, 0
L -873.0000, -1621.0000, 246.0000,  -875.0000, -1619.0000, 243.0000,  0, 0, 0
L -866.0000, -1636.0000, 230.0000,  -873.0000, -1621.0000, 246.0000,  0, 0, 0
L -864.0000, -1644.0000, 218.0000,  -866.0000, -1636.0000, 230.0000,  0, 0, 0
L -850.0000, -1680.0000, 217.0000,  -864.0000, -1644.0000, 218.0000,  0, 0, 0
L -865.0000, -1685.0000, 248.0000,  -850.0000, -1680.0000, 217.0000,  0, 0, 0
L -859.0000, -1683.0000, 227.0000,  -860.0000, -1683.0000, 228.0000,  0, 0, 0
L -874.0000, -1688.0000, 289.0000,  -850.0000, -1680.0000, 250.0000,  0, 0, 0
L -901.0000, -1697.0000, 274.0000,  -874.0000, -1688.0000, 289.0000,  0, 0, 0
L -916.0000, -1702.0000, 255.0000,  -901.0000, -1697.0000, 274.0000,  0, 0, 0
L -918.0000, -1702.0000, 259.0000,  -916.0000, -1702.0000, 255.0000,  0, 0, 0
L -930.0000, -1708.0000, 265.0000,  -918.0000, -1702.0000, 259.0000,  0, 0, 0
L -932.0000, -1707.0000, 272.0000,  -930.0000, -1708.0000, 265.0000,  0, 0, 0
L -946.0000, -1711.0000, 282.0000,  -932.0000, -1707.0000, 272.0000,  0, 0, 0
L -3476.0000, -1201.0000, 281.0000,  -3489.0000, -1201.0000, 322.0000,  0, 0, 0
L -3489.0000, -1201.0000, 322.0000,  -3500.0000, -1203.0000, 310.0000,  0, 0, 0
L -3500.0000, -1203.0000, 310.0000,  -3518.0000, -1208.0000, 256.0000,  0, 0, 0
L -3518.0000, -1208.0000, 256.0000,  -3521.0000, -1209.0000, 256.0000,  0, 0, 0
L -3521.0000, -1209.0000, 256.0000,  -3522.0000, -1209.0000, 261.0000,  0, 0, 0
L 506.0000, 2189.0000, 186.0000,  506.0000, 2190.0000, 185.0000,  0, 0, 0
L 217.0000, 1876.0000, 29.0000,  243.0000, 1897.0000, 44.0000,  0, 0, 0
L 243.0000, 1897.0000, 44.0000,  293.0000, 1942.0000, 30.0000,  0, 0, 0
L 293.0000, 1942.0000, 30.0000,  334.0000, 1983.0000, 42.0000,  0, 0, 0
L 334.0000, 1983.0000, 42.0000,  388.0000, 2073.0000, 41.0000,  0, 0, 0
L 388.0000, 2073.0000, 41.0000,  401.0000, 2136.0000, 38.0000,  0, 0, 0
L 1377.0000, -1671.0000, 86.0000,  1394.0000, -1751.0000, 158.0000,  127, 0, 0
L 1383.0000, -1759.0000, 156.0000,  1380.0000, -1761.0000, 156.0000,  0, 0, 0
L 1380.0000, -1761.0000, 156.0000,  1334.0000, -1754.0000, 91.0000,  0, 0, 0
L 1334.0000, -1754.0000, 91.0000,  1289.0000, -1761.0000, 78.0000,  0, 0, 0
L 1289.0000, -1761.0000, 78.0000,  1281.0000, -1783.0000, 99.0000,  0, 0, 0
L 1281.0000, -1783.0000, 99.0000,  1278.0000, -1785.0000, 100.0000,  0, 0, 0
L 1278.0000, -1785.0000, 100.0000,  1282.0000, -1784.0000, 100.0000,  0, 0, 0
L 1282.0000, -1784.0000, 100.0000,  1222.0000, -1799.0000, 113.0000,  0, 0, 0
L 1222.0000, -1799.0000, 113.0000,  1185.0000, -1790.0000, 111.0000,  0, 0, 0
L 1185.0000, -1790.0000, 111.0000,  1175.0000, -1788.0000, 117.0000,  0, 0, 0
L 1175.0000, -1788.0000, 117.0000,  1126.0000, -1777.0000, 108.0000,  0, 0, 0
L 1126.0000, -1777.0000, 108.0000,  1096.0000, -1771.0000, 110.0000,  0, 0, 0
L 1096.0000, -1771.0000, 110.0000,  1094.0000, -1770.0000, 116.0000,  0, 0, 0
L 1094.0000, -1770.0000, 114.0000,  1093.0000, -1758.0000, 81.0000,  0, 0, 0
L 1093.0000, -1758.0000, 81.0000,  1087.0000, -1750.0000, 81.0000,  0, 0, 0
L 1087.0000, -1750.0000, 81.0000,  1070.0000, -1742.0000, 77.0000,  0, 0, 0
L 1070.0000, -1742.0000, 77.0000,  1048.0000, -1744.0000, 94.0000,  0, 0, 0
L 1048.0000, -1744.0000, 94.0000,  1031.0000, -1757.0000, 119.0000,  0, 0, 0
L 1031.0000, -1757.0000, 119.0000,  1026.0000, -1768.0000, 121.0000,  0, 0, 0
L 1026.0000, -1768.0000, 121.0000,  1017.0000, -1769.0000, 109.0000,  0, 0, 0
L 1017.0000, -1769.0000, 109.0000,  1008.0000, -1774.0000, 110.0000,  0, 0, 0
L 1008.0000, -1774.0000, 110.0000,  1002.0000, -1777.0000, 117.0000,  0, 0, 0
L 1002.0000, -1777.0000, 117.0000,  977.0000, -1776.0000, 118.0000,  0, 0, 0
L 977.0000, -1776.0000, 118.0000,  937.0000, -1810.0000, 130.0000,  0, 0, 0
L 937.0000, -1810.0000, 130.0000,  897.0000, -1838.0000, 161.0000,  0, 0, 0
L 897.0000, -1838.0000, 161.0000,  895.0000, -1837.0000, 159.0000,  0, 0, 0
L 895.0000, -1837.0000, 159.0000,  822.0000, -1782.0000, 158.0000,  0, 0, 0
L 822.0000, -1782.0000, 158.0000,  791.0000, -1758.0000, 186.0000,  0, 0, 0
L 791.0000, -1758.0000, 186.0000,  760.0000, -1733.0000, 171.0000,  0, 0, 0
L 760.0000, -1733.0000, 171.0000,  734.0000, -1736.0000, 179.0000,  0, 0, 0
L 734.0000, -1736.0000, 179.0000,  690.0000, -1742.0000, 168.0000,  0, 0, 0
L 690.0000, -1742.0000, 168.0000,  682.0000, -1751.0000, 175.0000,  0, 0, 0
L 682.0000, -1751.0000, 175.0000,  613.0000, -1827.0000, 192.0000,  0, 0, 0
L 613.0000, -1827.0000, 192.0000,  564.0000, -1849.0000, 205.0000,  0, 0, 0
L 564.0000, -1849.0000, 205.0000,  532.0000, -1864.0000, 229.0000,  0, 0, 0
L 532.0000, -1864.0000, 229.0000,  498.0000, -1860.0000, 232.0000,  0, 0, 0
L 498.0000, -1860.0000, 232.0000,  392.0000, -1862.0000, 181.0000,  0, 0, 0
L 392.0000, -1862.0000, 181.0000,  346.0000, -1894.0000, 196.0000,  0, 0, 0
L 346.0000, -1894.0000, 196.0000,  318.0000, -1907.0000, 188.0000,  0, 0, 0
L 318.0000, -1907.0000, 188.0000,  208.0000, -1959.0000, 221.0000,  0, 0, 0
L 208.0000, -1959.0000, 221.0000,  178.0000, -1969.0000, 244.0000,  0, 0, 0
L 178.0000, -1969.0000, 244.0000,  63.0000, -2005.0000, 259.0000,  0, 0, 0
L 63.0000, -2005.0000, 259.0000,  35.0000, -1992.0000, 243.0000,  0, 0, 0
L 35.0000, -1992.0000, 243.0000,  -140.0000, -1911.0000, 299.0000,  0, 0, 0
L -140.0000, -1911.0000, 299.0000,  -375.0000, -1878.0000, 249.0000,  0, 0, 0
L -375.0000, -1878.0000, 249.0000,  -458.0000, -1823.0000, 234.0000,  0, 0, 0
L -458.0000, -1823.0000, 234.0000,  -489.0000, -1800.0000, 245.0000,  0, 0, 0
L -489.0000, -1800.0000, 245.0000,  -622.0000, -1705.0000, 266.0000,  0, 0, 0
L -622.0000, -1705.0000, 266.0000,  -634.0000, -1709.0000, 272.0000,  0, 0, 0
L -634.0000, -1709.0000, 272.0000,  -866.0000, -1781.0000, 298.0000,  0, 0, 0
L -866.0000, -1781.0000, 298.0000,  -873.0000, -1794.0000, 302.0000,  0, 0, 0
P -1646.8525, 2124.3179, 15.2429,  0, 0, 0,  3,  map_by_Zigie_of_Povar
P -1015.3742, 722.3297, 83.6716,  240, 240, 240,  2,  Wiz_Spells
P -1025.5690, 662.1125, 82.8306,  240, 240, 240,  2,  Bard_Songs
P -2705.0000, 907.0000, 5.0000,  240, 240, 0,  2,  Ternsmochin
P -2211.0000, -1147.0000, 49.0000,  240, 127, 0,  3,  Griffin_Valley
P -1837.0000, -1261.0000, 13.0000,  240, 240, 0,  2,  Griffins_and_Spiders
P -2047.0000, -102.0000, -3.0000,  240, 240, 0,  2,  Whitby
P -1641.0000, -115.0000, 12.0000,  240, 127, 0,  3,  Giant_Caves
P -1144.0000, -990.0000, 152.0000,  240, 240, 0,  2,  Bigone
P 45.0000, -1627.0000, 63.0000,  240, 240, 0,  2,  Queen_Nhyalea
P 94.0000, -1498.0000, 57.0000,  240, 240, 0,  2,  Ooze
P 352.0000, -1058.0000, 96.0000,  240, 240, 0,  2,  Centaurs
P 530.0000, -190.0000, 13.0000,  240, 240, 0,  2,  Klassr
P 652.0000, -208.0000, 16.0000,  240, 240, 0,  2,  Watchman_Stormwren_Undaru
P 567.0000, -196.0000, 13.0000,  240, 127, 0,  3,  Centaur_Camp
P 938.0000, 524.0000, 20.0000,  0, 240, 0,  2,  Ekaterina_(Quests)
P 939.0000, 180.0000, 22.0000,  240, 127, 0,  3,  Maiden_Isle
P 904.0000, 319.0000, 14.0000,  240, 240, 0,  2,  Iulia
P 718.0000, 448.0000, 14.0000,  240, 240, 0,  2,  Potameids
P 1169.0000, 1298.0000, 26.0000,  240, 240, 0,  2,  Sandu
P 811.0000, 1578.0000, 11.0000,  240, 127, 0,  3,  Tuffein_Camp
P 601.0000, 1605.0000, 20.0000,  240, 240, 0,  2,  Costica
P 584.0000, 1609.0000, 22.0000,  240, 240, 0,  2,  Devan
P 112.0000, 467.0000, 176.0000,  240, 240, 0,  2,  Dorina
P -56.0000, 549.0000, 175.0000,  240, 240, 0,  2,  Ramona
P -64.0000, 673.0000, 176.0000,  240, 240, 0,  2,  Florenta
P 75.0000, 866.0000, 176.0000,  240, 240, 0,  2,  Hanook
P 48.0000, 739.0000, 177.0000,  240, 240, 0,  2,  Dryads
P 129.0000, 843.0000, 178.0000,  240, 240, 0,  2,  Marilena
P 65.0000, 586.0000, 178.0000,  240, 127, 0,  3,  Dryad_Plateau
P 390.0000, 1162.0000, 24.0000,  240, 240, 0,  2,  Snakes
P -1233.0000, 1639.0000, 16.0000,  240, 240, 0,  2,  Bears_and_Minohten
P -533.0000, 1952.0000, 23.0000,  0, 240, 0,  2,  Scout_Madu
P -518.0000, 1965.0000, 23.0000,  0, 240, 0,  2,  Pioneer_Vulu
P -1048.0000, -1411.0000, 163.0000,  240, 240, 0,  2,  Snakes_and_Giants
P -1067.0000, -1569.0000, 187.0000,  240, 240, 0,  2,  Foodpicker
P -930.0000, -1511.0000, 189.0000,  240, 240, 0,  2,  Dromrek_Provisioner
P -853.0000, -1735.0000, 219.0000,  0, 0, 240,  3,  The_Steppes
P 1351.0000, -1724.0000, 72.0000,  240, 240, 0,  2,  Black_Night
P 73.0000, 2110.0000, 8.0000,  0, 0, 240,  3,  Blightfire_Moors
P -1896.0000, 1986.0000, -5.0000,  240, 127, 0,  3,  Bear_Caves
P -2041.0000, 2056.0000, -39.0000,  240, 240, 0,  2,  Ursalua
P -3504.0000, -1268.0000, 251.0000,  0, 0, 240,  3,  Blackfeather_Roost
P 1404.0000, -1723.0000, 124.0000,  0, 0, 240,  3,  Sunderock_Springs
